WorkRaveStats 4
D 28 7 105 16 9 28 7 105 17 39
B 0 7 5 5 21 0 0 5 98 
B 1 7 0 0 1 0 0 0 0 
B 2 7 0 0 0 0 0 0 0 
m 6 1770 85705 67775 216 443 1900 
D 2 8 105 15 51 2 8 105 19 42
B 0 7 6 4 9 0 0 4 343 
B 1 7 0 0 1 0 0 0 0 
B 2 7 0 0 0 0 0 0 0 
m 6 1748 33301 20878 88 87 3008 
D 3 8 105 17 10 4 8 105 1 34
B 0 7 6 4 12 0 0 6 44 
B 1 7 0 0 2 0 0 0 0 
B 2 7 0 0 0 0 0 0 0 
m 6 2150 279989 212587 737 1333 2182 
D 4 8 105 4 0 4 8 105 4 0
B 0 7 0 0 0 0 0 0 0 
B 1 7 0 0 0 0 0 0 0 
B 2 7 0 0 0 0 0 0 0 
m 6 0 250023 180609 712 881 2217 
D 5 8 105 22 23 5 8 105 23 15
B 0 7 5 5 5 0 0 5 56 
B 1 7 0 0 1 0 0 0 0 
B 2 7 0 0 0 0 0 0 0 
m 6 2148 221461 166100 624 1512 4615 
D 6 8 105 16 40 6 8 105 23 28
B 0 7 16 13 41 0 0 13 608 
B 1 7 3 1 2 0 1 2 383 
B 2 7 0 0 0 0 0 0 0 
m 6 8686 460401 317470 1303 2490 8850 
D 7 8 105 9 28 7 8 105 23 21
B 0 7 26 17 71 0 1 20 1313 
B 1 7 2 1 7 0 0 2 67 
B 2 7 0 0 0 0 0 0 0 
m 6 13518 892661 597389 2574 5409 4304 
D 8 8 105 16 5 8 8 105 23 0
B 0 7 19 13 41 0 1 15 873 
B 1 7 3 1 5 1 1 1 360 
B 2 7 0 0 0 0 0 0 0 
m 6 8738 661376 455590 1989 2728 5100 
D 9 8 105 16 52 10 8 105 1 49
B 0 7 8 5 45 0 0 5 400 
B 1 7 1 0 6 0 1 1 155 
B 2 7 0 0 0 0 0 0 0 
m 6 5800 386876 291187 1154 2303 2812 
D 10 8 105 16 25 10 8 105 23 42
B 0 7 16 11 39 0 2 12 826 
B 1 7 0 0 4 0 0 0 0 
B 2 7 0 0 0 0 0 0 0 
m 6 7577 536288 342245 1742 1875 5694 
D 11 8 105 4 51 12 8 105 0 35
B 0 7 7 1 5 0 2 3 891 
B 1 7 0 0 5 0 0 0 0 
B 2 7 0 0 0 0 0 0 0 
m 6 1661 146145 88653 385 414 1474 
D 12 8 105 16 56 12 8 105 23 34
B 0 7 12 9 40 0 0 9 280 
B 1 7 0 0 4 0 0 0 0 
B 2 7 0 0 0 0 0 0 0 
m 6 6136 389153 271491 1176 2756 2382 
D 13 8 105 16 30 13 8 105 22 42
B 0 7 6 6 34 0 0 6 56 
B 1 7 0 0 6 0 0 0 0 
B 2 7 0 0 0 0 0 0 0 
m 6 4241 309033 201124 826 1720 4163 
D 14 8 105 22 38 14 8 105 23 27
B 0 7 2 2 10 0 0 2 6 
B 1 7 0 0 1 0 0 0 0 
B 2 7 0 0 0 0 0 0 0 
m 6 1578 61334 43097 194 668 531 
D 15 8 105 4 0 15 8 105 4 0
B 0 7 0 0 0 0 0 0 0 
B 1 7 0 0 0 0 0 0 0 
B 2 7 0 0 0 0 0 0 0 
m 6 0 0 0 0 0 0 
D 16 8 105 21 29 17 8 105 0 12
B 0 7 4 2 10 1 0 4 75 
B 1 7 0 0 5 0 0 0 0 
B 2 7 0 0 0 0 0 0 0 
m 6 2071 287702 191510 698 810 809 
D 17 8 105 16 19 17 8 105 21 42
B 0 7 7 4 6 1 0 5 381 
B 1 7 0 0 3 0 0 0 0 
B 2 7 0 0 0 0 0 0 0 
m 6 2226 311966 198050 773 829 1005 
D 18 8 105 12 51 18 8 105 23 22
B 0 7 15 13 40 1 0 15 316 
B 1 7 3 0 4 0 1 1 361 
B 2 7 0 0 0 0 0 0 0 
m 6 9612 619856 458342 1872 3869 4051 
D 19 8 105 16 35 19 8 105 21 16
B 0 7 17 13 19 0 1 14 913 
B 1 7 7 0 1 0 3 4 951 
B 2 7 0 0 0 0 0 0 0 
m 6 7565 417687 310445 1272 2733 6122 
D 20 8 105 16 32 20 8 105 23 3
B 0 7 13 6 21 0 0 9 353 
B 1 7 0 0 3 0 0 0 0 
B 2 7 0 0 0 0 0 0 0 
m 6 6588 385859 272419 1040 2397 31441 
D 21 8 105 22 10 21 8 105 22 49
B 0 7 3 3 7 0 0 2 53 
B 1 7 0 0 1 0 0 0 0 
B 2 7 0 0 0 0 0 0 0 
m 6 1548 141847 94563 462 653 100 
D 22 8 105 22 28 22 8 105 23 8
B 0 7 4 3 5 0 1 4 187 
B 1 7 0 0 1 0 0 0 0 
B 2 7 0 0 0 0 0 0 0 
m 6 1627 106408 75209 316 762 585 
D 23 8 105 4 0 23 8 105 4 0
B 0 7 0 0 0 0 0 0 0 
B 1 7 0 0 0 0 0 0 0 
B 2 7 0 0 0 0 0 0 0 
m 6 0 0 0 0 0 0 
D 24 8 105 13 24 24 8 105 16 59
B 0 7 11 11 18 0 0 11 188 
B 1 7 5 0 0 0 2 4 679 
B 2 7 0 0 0 0 0 0 0 
m 6 6084 418173 295255 1137 2394 3163 
D 25 8 105 16 11 25 8 105 23 49
B 0 7 12 8 18 0 0 9 501 
B 1 7 0 0 4 0 0 0 0 
B 2 7 0 0 0 0 0 0 0 
m 6 5531 375531 266813 1018 1710 4547 
D 26 8 105 16 50 26 8 105 23 13
B 0 7 14 10 20 1 0 13 395 
B 1 7 1 1 4 0 0 1 28 
B 2 7 0 0 0 0 0 0 0 
m 6 6494 506387 372624 1451 3342 4716 
D 27 8 105 17 10 27 8 105 19 2
B 0 7 5 3 5 0 0 3 315 
B 1 7 0 0 1 0 0 0 0 
B 2 7 0 0 0 0 0 0 0 
m 6 2262 108363 84042 335 924 2399 
D 27 8 105 18 58 27 8 105 22 50
B 0 7 5 5 8 0 0 4 55 
B 1 7 0 0 2 0 0 0 0 
B 2 7 0 0 0 0 0 0 0 
m 6 2533 121673 80786 351 501 2466 
D 28 8 105 4 0 28 8 105 4 0
B 0 7 0 0 0 0 0 0 0 
B 1 7 0 0 0 0 0 0 0 
B 2 7 0 0 0 0 0 0 0 
m 6 0 0 0 0 0 0 
D 28 8 105 23 56 28 8 105 23 56
B 0 7 0 0 0 0 0 0 0 
B 1 7 0 0 0 0 0 0 0 
B 2 7 0 0 0 0 0 0 0 
m 6 0 0 0 0 0 0 
D 29 8 105 16 1 29 8 105 19 50
B 0 7 5 3 21 0 0 4 641 
B 1 7 5 1 3 0 2 3 688 
B 2 7 0 0 0 0 0 0 0 
m 6 3876 308709 200687 799 1317 2254 
D 29 8 105 23 56 29 8 105 23 56
B 0 7 0 0 0 0 0 0 0 
B 1 7 0 0 0 0 0 0 0 
B 2 7 0 0 0 0 0 0 0 
m 6 0 0 0 0 0 0 
D 30 8 105 22 26 30 8 105 22 57
B 0 7 2 2 3 0 0 1 31 
B 1 7 0 0 0 0 0 0 0 
B 2 7 0 0 0 0 0 0 0 
m 6 1148 59523 45327 179 709 399 
D 1 9 105 14 2 1 9 105 22 51
B 0 7 1 1 42 0 0 1 5 
B 1 7 0 0 2 0 0 0 0 
B 2 7 0 0 0 0 0 0 0 
m 6 3020 124072 81031 353 1243 3080 
D 2 9 105 12 45 2 9 105 23 36
B 0 7 16 15 55 0 0 15 774 
B 1 7 5 1 4 0 2 3 630 
B 2 7 0 0 0 0 0 0 0 
m 6 8347 315085 245661 922 2699 9477 
D 3 9 105 16 47 3 9 105 23 7
B 0 7 19 13 13 0 2 16 1024 
B 1 7 0 1 3 0 0 0 0 
B 2 7 0 0 0 0 0 0 0 
m 6 6976 488057 353589 1445 2370 5003 
D 4 9 105 17 5 4 9 105 22 49
B 0 7 15 11 16 0 1 12 637 
B 1 7 3 1 2 0 1 1 488 
B 2 7 0 0 0 0 0 0 0 
m 6 5783 430308 318302 1242 2369 2399 
D 4 9 105 23 56 4 9 105 23 56
B 0 7 0 0 0 0 0 0 0 
B 1 7 0 0 0 0 0 0 0 
B 2 7 0 0 0 0 0 0 0 
m 6 0 0 0 0 0 0 
D 5 9 105 22 11 5 9 105 23 24
B 0 7 6 2 13 0 1 4 688 
B 1 7 1 0 0 0 0 1 117 
B 2 7 0 0 0 0 0 0 0 
m 6 2818 229601 150426 618 1456 1104 
D 6 9 105 22 20 6 9 105 23 4
B 0 7 1 1 11 0 0 0 0 
B 1 7 0 0 1 0 0 0 0 
B 2 7 0 0 0 0 0 0 0 
m 6 1369 87058 61575 244 564 583 
D 7 9 105 22 16 7 9 105 22 37
B 0 7 2 1 3 0 0 1 178 
B 1 7 0 0 1 0 0 0 0 
B 2 7 0 0 0 0 0 0 0 
m 6 898 89241 68636 244 335 287 
D 7 9 105 23 51 7 9 105 23 51
B 0 7 0 0 0 0 0 0 0 
B 1 7 0 0 0 0 0 0 0 
B 2 7 0 0 0 0 0 0 0 
m 6 0 0 0 0 0 0 
D 8 9 105 12 12 8 9 105 22 55
B 0 7 13 9 26 0 0 11 826 
B 1 7 5 1 3 0 2 2 717 
B 2 7 0 0 0 0 0 0 0 
m 6 7103 644719 431944 1979 3031 1526 
D 8 9 105 23 59 8 9 105 23 59
B 0 7 0 0 0 0 0 0 0 
B 1 7 0 0 0 0 0 0 0 
B 2 7 0 0 0 0 0 0 0 
m 6 0 0 0 0 0 0 
D 9 9 105 7 1 9 9 105 17 57
B 0 7 4 3 28 0 0 3 55 
B 1 7 0 0 5 0 0 0 0 
B 2 7 0 0 0 0 0 0 0 
m 6 2229 255414 171691 838 1317 3697 
D 10 9 105 0 52 10 9 105 1 6
B 0 7 2 1 0 1 0 2 39 
B 1 7 0 0 1 0 0 0 0 
B 2 7 0 0 0 0 0 0 0 
m 6 641 35529 22978 120 134 522 
D 10 9 105 16 56 10 9 105 23 36
B 0 7 5 4 36 0 0 5 134 
B 1 7 0 0 2 0 0 0 0 
B 2 7 0 0 0 0 0 0 0 
m 6 4165 283078 200912 822 1174 2311 
D 11 9 105 16 44 11 9 105 21 17
B 0 7 4 4 42 0 0 4 52 
B 1 7 0 1 5 0 0 0 0 
B 2 7 0 0 0 0 0 0 0 
m 6 3649 289856 198433 803 1281 1512 
D 12 9 105 2 46 12 9 105 3 30
B 0 7 1 0 5 0 0 1 5 
B 1 7 0 0 2 0 0 0 0 
B 2 7 0 0 0 0 0 0 0 
m 6 572 160133 141968 416 723 429 
D 12 9 105 15 55 12 9 105 23 41
B 0 7 14 8 31 0 1 9 1756 
B 1 7 9 1 2 0 3 4 1376 
B 2 7 0 0 0 0 0 0 0 
m 6 7339 719986 523917 2099 3313 5327 
D 12 9 105 23 56 12 9 105 23 56
B 0 7 0 0 0 0 0 0 0 
B 1 7 0 0 0 0 0 0 0 
B 2 7 0 0 0 0 0 0 0 
m 6 0 0 0 0 0 0 
D 13 9 105 22 13 13 9 105 22 49
B 0 7 2 2 9 0 0 2 46 
B 1 7 0 0 1 0 0 0 0 
B 2 7 0 0 0 0 0 0 0 
m 6 1276 76106 58620 242 556 554 
D 13 9 105 23 56 13 9 105 23 56
B 0 7 0 0 0 0 0 0 0 
B 1 7 0 0 0 0 0 0 0 
B 2 7 0 0 0 0 0 0 0 
m 6 0 0 0 0 0 0 
D 14 9 105 23 32 14 9 105 23 39
B 0 7 1 1 1 0 0 1 13 
B 1 7 0 0 1 0 0 0 0 
B 2 7 0 0 0 0 0 0 0 
m 6 359 39899 25399 122 180 84 
D 14 9 105 23 56 14 9 105 23 56
B 0 7 0 0 0 0 0 0 0 
B 1 7 0 0 0 0 0 0 0 
B 2 7 0 0 0 0 0 0 0 
m 6 0 0 0 0 0 0 
D 15 9 105 13 16 15 9 105 21 32
B 0 7 19 14 6 0 1 15 1075 
B 1 7 1 0 2 0 1 0 115 
B 2 7 0 0 0 0 0 0 0 
m 6 6109 513710 400378 1476 2160 3842 
D 16 9 105 2 22 16 9 105 3 6
B 0 7 1 0 4 0 0 1 7 
B 1 7 0 0 2 0 0 0 0 
B 2 7 0 0 0 0 0 0 0 
m 6 709 228089 148065 583 678 182 
D 16 9 105 16 37 16 9 105 23 48
B 0 7 13 7 15 0 0 7 859 
B 1 7 3 0 2 0 1 1 457 
B 2 7 0 0 0 0 0 0 0 
m 6 5786 971278 764216 2861 5633 9030 
D 16 9 105 23 56 16 9 105 23 56
B 0 7 0 0 0 0 0 0 0 
B 1 7 0 0 0 0 0 0 0 
B 2 7 0 0 0 0 0 0 0 
m 6 0 0 0 0 0 0 
D 17 9 105 16 53 17 9 105 23 27
B 0 7 2 2 11 0 0 2 33 
B 1 7 0 0 4 0 0 0 0 
B 2 7 0 0 0 0 0 0 0 
m 6 1935 142445 106343 404 912 627 
D 18 9 105 17 8 18 9 105 23 6
B 0 7 18 8 4 0 1 11 1333 
B 1 7 0 0 4 0 0 0 0 
B 2 7 0 0 0 0 0 0 0 
m 6 5182 716672 571394 1841 4504 2020 
D 19 9 105 22 39 19 9 105 23 54
B 0 7 2 2 19 0 0 2 0 
B 1 7 0 0 1 0 0 0 0 
B 2 7 0 0 0 0 0 0 0 
m 6 1980 130041 90668 320 620 1523 
D 20 9 105 0 0 20 9 105 0 0
B 0 7 0 0 0 0 0 0 0 
B 1 7 0 0 1 0 0 0 0 
B 2 7 0 0 0 0 0 0 0 
m 6 0 0 0 0 0 0 
D 20 9 105 22 29 20 9 105 23 39
B 0 7 9 3 6 0 1 5 1004 
B 1 7 0 0 2 0 0 0 0 
B 2 7 0 0 0 0 0 0 0 
m 6 2410 130777 94160 342 1119 1071 
D 20 9 105 23 56 20 9 105 23 56
B 0 7 0 0 0 0 0 0 0 
B 1 7 0 0 0 0 0 0 0 
B 2 7 0 0 0 0 0 0 0 
m 6 0 0 0 0 0 0 
D 21 9 105 22 30 21 9 105 23 58
B 0 7 8 4 13 0 1 4 569 
B 1 7 4 0 0 0 2 3 584 
B 2 7 0 0 0 0 0 0 0 
m 6 3288 216062 162590 626 1385 2877 
D 21 9 105 23 56 21 9 105 23 56
B 0 7 0 0 0 0 0 0 0 
B 1 7 0 0 0 0 0 0 584 
B 2 7 0 0 0 0 0 0 0 
m 6 0 244784 208786 699 1282 1593 
D 22 9 105 4 0 22 9 105 4 0
B 0 7 0 0 0 0 0 0 0 
B 1 7 0 0 0 0 0 0 0 
B 2 7 0 0 0 0 0 0 0 
m 6 0 482853 351134 1288 2783 3403 
D 22 9 105 23 56 22 9 105 23 56
B 0 7 0 0 0 0 0 0 0 
B 1 7 0 0 0 0 0 0 0 
B 2 7 0 0 0 0 0 0 0 
m 6 0 400 0 0 0 0 
D 23 9 105 10 52 23 9 105 22 23
B 0 7 12 9 47 0 0 9 535 
B 1 7 0 1 6 0 0 0 0 
B 2 7 0 0 0 0 0 0 0 
m 6 7381 496121 348210 1538 3005 5390 
D 23 9 105 23 56 23 9 105 23 56
B 0 7 0 0 0 0 0 0 0 
B 1 7 0 0 0 0 0 0 0 
B 2 7 0 0 0 0 0 0 0 
m 6 0 0 0 0 0 0 
D 24 9 105 16 50 24 9 105 23 17
B 0 7 8 6 31 0 0 7 353 
B 1 7 0 0 4 0 0 0 0 
B 2 7 0 0 0 0 0 0 0 
m 6 5213 338247 218296 964 2109 3366 
D 25 9 105 16 51 25 9 105 23 14
B 0 7 10 7 14 0 0 6 492 
B 1 7 0 0 3 0 0 0 0 
B 2 7 0 0 0 0 0 0 0 
m 6 4407 258303 192527 705 1641 3677 
D 25 9 105 23 51 25 9 105 23 51
B 0 7 0 0 0 0 0 0 0 
B 1 7 0 0 0 0 0 0 0 
B 2 7 0 0 0 0 0 0 0 
m 6 0 0 0 0 0 0 
D 26 9 105 20 8 26 9 105 22 57
B 0 7 4 1 33 0 0 2 315 
B 1 7 0 0 2 0 0 0 0 
B 2 7 0 0 0 0 0 0 0 
m 6 3479 266665 160263 759 1168 2703 
D 26 9 105 23 56 26 9 105 23 56
B 0 7 0 0 0 0 0 0 0 
B 1 7 0 0 0 0 0 0 0 
B 2 7 0 0 0 0 0 0 0 
m 6 0 0 0 0 0 0 
D 27 9 105 4 0 27 9 105 4 0
B 0 7 0 0 0 0 0 0 0 
B 1 7 0 0 0 0 0 0 0 
B 2 7 0 0 0 0 0 0 0 
m 6 0 0 0 0 0 0 
D 27 9 105 23 56 27 9 105 23 56
B 0 7 0 0 0 0 0 0 0 
B 1 7 0 0 0 0 0 0 0 
B 2 7 0 0 0 0 0 0 0 
m 6 0 0 0 0 0 0 
D 28 9 105 12 56 28 9 105 16 31
B 0 7 2 2 31 0 0 2 8 
B 1 7 0 0 4 0 0 0 0 
B 2 7 0 0 0 0 0 0 0 
m 6 3303 149045 96902 403 1948 1213 
D 28 9 105 23 56 28 9 105 23 56
B 0 7 0 0 0 0 0 0 0 
B 1 7 0 0 0 0 0 0 0 
B 2 7 0 0 0 0 0 0 0 
m 6 0 0 0 0 0 0 
D 29 9 105 19 11 29 9 105 19 49
B 0 7 2 0 5 0 0 1 283 
B 1 7 0 0 0 0 0 0 0 
B 2 7 0 0 0 0 0 0 0 
m 6 1163 146834 63147 381 317 218 
D 29 9 105 19 47 29 9 105 19 58
B 0 7 2 0 0 0 1 1 181 
B 1 7 0 0 1 0 0 0 0 
B 2 7 0 0 0 0 0 0 0 
m 6 483 119166 76717 326 395 695 
D 30 9 105 3 0 30 9 105 3 0
B 0 7 0 0 0 0 0 0 0 
B 1 7 0 0 0 0 0 0 0 
B 2 7 0 0 0 0 0 0 0 
m 6 0 0 0 0 0 0 
D 30 9 105 4 0 30 9 105 4 0
B 0 7 0 0 0 0 0 0 0 
B 1 7 0 0 0 0 0 0 0 
B 2 7 0 0 0 0 0 0 0 
m 6 0 154588 127952 458 1846 1616 
D 30 9 105 23 55 30 9 105 23 55
B 0 7 0 0 0 0 0 0 0 
B 1 7 0 0 0 0 0 0 0 
B 2 7 0 0 0 0 0 0 0 
m 6 0 0 0 0 0 0 
D 31 9 105 4 0 31 9 105 20 29
B 0 7 3 1 9 0 0 2 227 
B 1 7 0 0 2 0 0 0 0 
B 2 7 0 0 0 0 0 0 0 
m 6 1630 163903 110349 488 1091 4887 
D 1 10 105 1 5 1 10 105 1 32
B 0 7 5 2 0 0 1 2 430 
B 1 7 0 0 1 0 0 0 0 
B 2 7 0 0 0 0 0 0 0 
m 6 1335 65762 54997 240 593 557 
D 1 10 105 12 5 1 10 105 21 13
B 0 7 7 3 51 0 2 5 593 
B 1 7 0 0 9 0 0 0 0 
B 2 7 0 0 0 0 0 0 0 
m 6 4772 331693 213441 1019 2190 1771 
D 1 10 105 23 56 1 10 105 23 56
B 0 7 0 0 0 0 0 0 0 
B 1 7 0 0 0 0 0 0 0 
B 2 7 0 0 0 0 0 0 0 
m 6 0 0 0 0 0 0 
D 2 10 105 22 24 3 10 105 0 0
B 0 7 1 1 20 0 0 1 20 
B 1 7 0 0 0 0 0 0 0 
B 2 7 0 0 0 0 0 0 0 
m 6 2538 38598 22552 103 178 4936 
D 2 10 105 23 56 2 10 105 23 58
B 0 7 0 0 1 0 0 0 0 
B 1 7 0 0 1 0 0 0 0 
B 2 7 0 0 0 0 0 0 0 
m 6 110 21930 16639 46 37 39 
D 3 10 105 22 42 3 10 105 23 9
B 0 7 0 0 3 0 0 0 0 
B 1 7 0 0 2 0 0 0 0 
B 2 7 0 0 0 0 0 0 0 
m 6 636 21006 11144 71 85 609 
D 4 10 105 21 17 4 10 105 21 53
B 0 7 3 2 2 0 0 3 137 
B 1 7 0 0 1 0 0 0 0 
B 2 7 0 0 0 0 0 0 0 
m 6 1463 85847 67552 250 456 1143 
D 4 10 105 23 51 5 10 105 0 24
B 0 7 1 1 10 0 0 0 19 
B 1 7 0 0 1 0 0 0 0 
B 2 7 0 0 0 0 0 0 0 
m 6 1080 73106 54428 218 741 179 
D 5 10 105 17 25 6 10 105 0 1
B 0 7 5 3 8 1 1 5 84 
B 1 7 0 0 1 0 0 0 0 
B 2 7 0 0 0 0 0 0 0 
m 6 2487 144263 93162 415 785 1277 
D 5 10 105 23 56 5 10 105 23 57
B 0 7 0 0 1 0 0 0 0 
B 1 7 0 0 1 0 0 0 0 
B 2 7 0 0 0 0 0 0 0 
m 6 54 6226 3624 15 7 18 
D 6 10 105 11 20 6 10 105 22 17
B 0 7 7 6 27 0 0 6 569 
B 1 7 3 0 2 0 1 1 323 
B 2 7 0 0 0 0 0 0 0 
m 6 4751 430530 321228 1117 2018 1965 
D 6 10 105 23 55 6 10 105 23 55
B 0 7 0 0 0 0 0 0 0 
B 1 7 0 0 0 0 0 0 0 
B 2 7 0 0 0 0 0 0 0 
m 6 0 0 0 0 0 0 
D 7 10 105 17 18 7 10 105 22 26
B 0 7 6 4 28 1 0 5 235 
B 1 7 0 0 3 0 0 0 0 
B 2 7 0 0 0 0 0 0 0 
m 6 5328 447830 320673 1252 2755 1135 
D 7 10 105 23 59 7 10 105 23 59
B 0 7 0 0 0 0 0 0 0 
B 1 7 0 0 0 0 0 0 0 
B 2 7 0 0 0 0 0 0 0 
m 6 0 0 0 0 0 0 
D 8 10 105 19 40 8 10 105 21 1
B 0 7 2 2 20 0 0 2 16 
B 1 7 0 0 1 0 0 0 0 
B 2 7 0 0 0 0 0 0 0 
m 6 2080 50440 35343 114 1420 507 
D 8 10 105 23 56 8 10 105 23 56
B 0 7 0 0 0 0 0 0 0 
B 1 7 0 0 0 0 0 0 0 
B 2 7 0 0 0 0 0 0 0 
m 6 0 0 0 0 0 0 
D 9 10 105 22 52 9 10 105 23 55
B 0 7 6 2 8 0 1 4 456 
B 1 7 0 0 0 0 0 0 0 
B 2 7 0 0 0 0 0 0 0 
m 6 2350 129806 100404 397 1514 306 
D 9 10 105 23 55 9 10 105 23 55
B 0 7 0 0 0 0 0 0 0 
B 1 7 0 0 1 0 0 0 0 
B 2 7 0 0 0 0 0 0 0 
m 6 0 0 0 0 0 0 
D 10 10 105 4 0 10 10 105 4 0
B 0 7 0 0 0 0 0 0 0 
B 1 7 0 0 0 0 0 0 0 
B 2 7 0 0 0 0 0 0 0 
m 6 0 0 0 0 0 0 
D 11 10 105 0 6 11 10 105 0 20
B 0 7 0 0 6 0 0 0 0 
B 1 7 0 0 1 0 0 0 0 
B 2 7 0 0 0 0 0 0 0 
m 6 381 15930 9764 37 198 117 
D 11 10 105 23 35 11 10 105 23 50
B 0 7 0 0 4 0 0 0 0 
B 1 7 0 0 1 0 0 0 0 
B 2 7 0 0 0 0 0 0 0 
m 6 491 43938 37732 111 285 27 
D 11 10 105 23 56 11 10 105 23 56
B 0 7 0 0 0 0 0 0 0 
B 1 7 0 0 0 0 0 0 0 
B 2 7 0 0 0 0 0 0 0 
m 6 0 0 0 0 0 0 
D 12 10 105 13 49 12 10 105 21 43
B 0 7 3 1 14 0 0 1 259 
B 1 7 0 0 4 0 0 0 0 
B 2 7 0 0 0 0 0 0 0 
m 6 2749 233125 146236 635 1204 932 
D 12 10 105 23 56 12 10 105 23 56
B 0 7 0 0 0 0 0 0 0 
B 1 7 0 0 0 0 0 0 0 
B 2 7 0 0 0 0 0 0 0 
m 6 0 0 0 0 0 0 
D 13 10 105 14 26 13 10 105 23 24
B 0 7 1 1 30 0 0 0 0 
B 1 7 0 0 7 0 0 0 0 
B 2 7 0 0 0 0 0 0 0 
m 6 1170 110868 67611 237 427 680 
D 13 10 105 23 56 13 10 105 23 56
B 0 7 0 0 0 0 0 0 0 
B 1 7 0 0 0 0 0 0 0 
B 2 7 0 0 0 0 0 0 0 
m 6 0 0 0 0 0 0 
D 14 10 105 17 26 14 10 105 23 15
B 0 7 12 6 10 0 2 9 878 
B 1 7 0 0 4 0 0 0 0 
B 2 7 0 0 0 0 0 0 0 
m 6 4519 354585 256654 973 1999 1672 
D 15 10 105 0 0 15 10 105 0 0
B 0 7 0 0 0 0 0 0 0 
B 1 7 0 0 0 0 0 0 0 
B 2 7 0 0 0 0 0 0 0 
m 6 0 0 0 0 0 0 
D 15 10 105 17 18 15 10 105 23 34
B 0 7 7 1 18 0 0 3 568 
B 1 7 0 0 4 0 0 0 0 
B 2 7 0 0 0 0 0 0 0 
m 6 3184 426690 312719 1234 2546 3522 
D 16 10 105 0 1 16 10 105 0 1
B 0 7 0 0 0 0 0 0 0 
B 1 7 0 0 0 0 0 0 0 
B 2 7 0 0 0 0 0 0 0 
m 6 0 0 0 0 0 0 
D 16 10 105 22 9 16 10 105 23 31
B 0 7 7 5 14 0 0 4 324 
B 1 7 3 0 0 0 1 1 413 
B 2 7 0 0 0 0 0 0 0 
m 6 3117 246187 165860 598 1302 2042 
D 17 10 105 0 1 17 10 105 0 1
B 0 7 0 0 0 0 0 0 0 
B 1 7 0 0 0 0 0 0 0 
B 2 7 0 0 0 0 0 0 0 
m 6 0 0 0 0 0 0 
D 17 10 105 18 15 17 10 105 21 4
B 0 7 10 3 25 0 2 5 833 
B 1 7 0 0 4 0 0 0 0 
B 2 7 0 0 0 0 0 0 0 
m 6 3468 347247 231097 873 1352 894 
D 17 10 105 23 56 17 10 105 23 56
B 0 7 0 0 0 0 0 0 0 
B 1 7 0 0 0 0 0 0 0 
B 2 7 0 0 0 0 0 0 0 
m 6 0 0 0 0 0 0 
D 18 10 105 22 27 18 10 105 22 41
B 0 7 3 0 1 0 1 1 400 
B 1 7 0 0 1 0 0 0 0 
B 2 7 0 0 0 0 0 0 0 
m 6 756 60124 42473 161 609 24 
D 18 10 105 23 56 18 10 105 23 56
B 0 7 0 0 0 0 0 0 0 
B 1 7 0 0 0 0 0 0 0 
B 2 7 0 0 0 0 0 0 0 
m 6 0 0 0 0 0 0 
D 19 10 105 14 53 19 10 105 15 3
B 0 7 0 0 5 0 0 0 0 
B 1 7 0 0 1 0 0 0 0 
B 2 7 0 0 0 0 0 0 0 
m 6 308 24204 15119 65 194 121 
D 19 10 105 23 56 19 10 105 23 56
B 0 7 0 0 0 0 0 0 0 
B 1 7 0 0 0 0 0 0 0 
B 2 7 0 0 0 0 0 0 0 
m 6 0 0 0 0 0 0 
D 20 10 105 15 33 20 10 105 20 31
B 0 7 5 4 64 0 0 4 168 
B 1 7 2 1 3 0 1 2 204 
B 2 7 0 0 0 0 0 0 0 
m 6 6323 251519 158715 571 1342 13047 
D 20 10 105 23 56 20 10 105 23 56
B 0 7 0 0 0 0 0 0 0 
B 1 7 0 0 0 0 0 0 0 
B 2 7 0 0 0 0 0 0 0 
m 6 0 0 0 0 0 0 
D 21 10 105 17 18 21 10 105 23 53
B 0 7 10 9 55 0 0 9 494 
B 1 7 5 0 0 0 2 3 712 
B 2 7 0 0 0 0 0 0 0 
m 6 8081 465376 338556 1214 2496 9189 
D 21 10 105 23 56 21 10 105 23 56
B 0 7 0 0 0 0 0 0 0 
B 1 7 0 0 1 0 0 0 0 
B 2 7 0 0 0 0 0 0 0 
m 6 0 0 0 0 0 0 
D 22 10 105 17 42 22 10 105 23 38
B 0 7 1 1 16 0 0 1 9 
B 1 7 0 0 3 0 0 0 0 
B 2 7 0 0 0 0 0 0 0 
m 6 2436 175867 134369 489 996 1860 
D 22 10 105 23 56 22 10 105 23 56
B 0 7 0 0 0 0 0 0 0 
B 1 7 0 0 0 0 0 0 0 
B 2 7 0 0 0 0 0 0 0 
m 6 0 0 0 0 0 0 
D 23 10 105 22 4 24 10 105 0 0
B 0 7 3 3 27 0 0 3 29 
B 1 7 1 0 0 1 0 1 8 
B 2 7 0 0 0 0 0 0 0 
m 6 2900 155318 118492 365 1022 1648 
D 23 10 105 23 57 24 10 105 0 3
B 0 7 0 0 2 0 0 0 0 
B 1 7 0 0 1 0 0 0 0 
B 2 7 0 0 0 0 0 0 0 
m 6 295 22533 17211 62 44 139 
D 24 10 105 19 33 24 10 105 23 34
B 0 7 8 3 20 0 1 4 630 
B 1 7 0 0 3 0 0 0 0 
B 2 7 0 0 0 0 0 0 0 
m 6 3145 262767 167335 648 974 1659 
D 24 10 105 23 59 24 10 105 23 59
B 0 7 0 0 0 0 0 0 0 
B 1 7 0 0 0 0 0 0 0 
B 2 7 0 0 0 0 0 0 0 
m 6 0 0 0 0 0 0 
D 25 10 105 23 48 26 10 105 0 1
B 0 7 2 0 0 0 0 1 206 
B 1 7 0 0 0 0 0 0 0 
B 2 7 0 0 0 0 0 0 0 
m 6 594 42366 30831 134 263 229 
D 25 10 105 23 56 26 10 105 0 48
B 0 7 1 0 7 0 0 0 6 
B 1 7 0 0 2 0 0 0 0 
B 2 7 0 0 0 0 0 0 0 
m 6 532 101007 81896 304 540 366 
D 26 10 105 4 0 26 10 105 4 0
B 0 7 0 0 0 0 0 0 0 
B 1 7 0 0 0 0 0 0 0 
B 2 7 0 0 0 0 0 0 0 
m 6 0 0 0 0 0 0 
D 26 10 105 23 56 26 10 105 23 56
B 0 7 0 0 0 0 0 0 0 
B 1 7 0 0 0 0 0 0 0 
B 2 7 0 0 0 0 0 0 0 
m 6 0 0 0 0 0 0 
D 27 10 105 4 0 27 10 105 4 0
B 0 7 0 0 0 0 0 0 0 
B 1 7 0 0 0 0 0 0 0 
B 2 7 0 0 0 0 0 0 0 
m 6 0 30678 15185 83 499 3069 
D 27 10 105 23 56 27 10 105 23 56
B 0 7 0 0 0 0 0 0 0 
B 1 7 0 0 0 0 0 0 0 
B 2 7 0 0 0 0 0 0 0 
m 6 0 0 0 0 0 0 
D 28 10 105 4 0 28 10 105 4 0
B 0 7 0 0 0 0 0 0 0 
B 1 7 0 0 0 0 0 0 0 
B 2 7 0 0 0 0 0 0 0 
m 6 0 431105 280277 1124 1808 7625 
D 28 10 105 23 56 28 10 105 23 56
B 0 7 0 0 0 0 0 0 0 
B 1 7 0 0 0 0 0 0 0 
B 2 7 0 0 0 0 0 0 0 
m 6 0 0 0 0 0 0 
D 29 10 105 4 0 29 10 105 4 0
B 0 7 0 0 0 0 0 0 0 
B 1 7 0 0 0 0 0 0 0 
B 2 7 0 0 0 0 0 0 0 
m 6 0 218988 144862 606 1602 1933 
D 29 10 105 23 54 29 10 105 23 54
B 0 7 0 0 0 0 0 0 0 
B 1 7 0 0 0 0 0 0 0 
B 2 7 0 0 0 0 0 0 0 
m 6 0 0 0 0 0 3 
D 30 10 105 4 0 30 10 105 23 12
B 0 7 4 0 18 0 2 2 580 
B 1 7 0 0 3 0 0 0 0 
B 2 7 0 0 0 0 0 0 0 
m 6 3191 407824 280921 975 1418 4545 
D 30 10 105 23 54 30 10 105 23 54
B 0 7 0 0 0 0 0 0 0 
B 1 7 0 0 0 0 0 0 0 
B 2 7 0 0 0 0 0 0 0 
m 6 0 0 0 0 0 0 
D 1 11 105 22 57 1 11 105 23 53
B 0 7 2 1 3 0 0 1 173 
B 1 7 0 0 1 0 0 0 0 
B 2 7 0 0 0 0 0 0 0 
m 6 796 50826 38268 124 350 600 
D 1 11 105 23 56 1 11 105 23 56
B 0 7 0 0 0 0 0 0 0 
B 1 7 0 0 1 0 0 0 0 
B 2 7 0 0 0 0 0 0 0 
m 6 0 0 0 0 0 0 
D 2 11 105 21 17 3 11 105 1 29
B 0 7 11 5 21 1 0 6 787 
B 1 7 1 0 1 1 0 1 13 
B 2 7 0 0 0 0 0 0 0 
m 6 3375 423235 327379 -5095 2727 542 
D 3 11 105 4 0 3 11 105 4 0
B 0 7 0 0 0 0 0 0 0 
B 1 7 0 0 0 0 0 0 0 
B 2 7 0 0 0 0 0 0 0 
m 6 0 148726 118887 378 1028 4252 
D 3 11 105 23 56 3 11 105 23 56
B 0 7 0 0 0 0 0 0 0 
B 1 7 0 0 0 0 0 0 0 
B 2 7 0 0 0 0 0 0 0 
m 6 0 0 0 0 0 0 
D 4 11 105 4 0 4 11 105 4 0
B 0 7 0 0 0 0 0 0 0 
B 1 7 0 0 0 0 0 0 0 
B 2 7 0 0 0 0 0 0 0 
m 6 0 70427 37238 149 341 571 
D 4 11 105 23 56 4 11 105 23 56
B 0 7 0 0 0 0 0 0 0 
B 1 7 0 0 0 0 0 0 0 
B 2 7 0 0 0 0 0 0 0 
m 6 0 0 0 0 0 0 
D 5 11 105 17 54 5 11 105 23 35
B 0 7 3 1 12 0 1 2 336 
B 1 7 0 0 3 0 0 0 0 
B 2 7 0 0 0 0 0 0 0 
m 6 1037 265070 184816 816 1368 1194 
D 6 11 105 0 1 6 11 105 0 39
B 0 7 0 0 8 0 0 0 0 
B 1 7 0 0 2 0 0 0 0 
B 2 7 0 0 0 0 0 0 0 
m 6 320 32089 22170 75 83 155 
D 6 11 105 11 41 6 11 105 18 24
B 0 7 15 10 31 0 1 12 633 
B 1 7 0 0 5 0 0 0 0 
B 2 7 0 0 0 0 0 0 0 
m 6 6934 385356 252682 1000 1726 11120 
D 7 11 105 0 29 7 11 105 0 29
B 0 7 0 0 1 0 0 0 0 
B 1 7 0 0 1 0 0 0 0 
B 2 7 0 0 0 0 0 0 0 
m 6 18 3980 964 5 1 18 
D 7 11 105 20 9 7 11 105 20 48
B 0 7 1 1 9 0 0 0 29 
B 1 7 0 0 1 0 0 0 0 
B 2 7 0 0 0 0 0 0 0 
m 6 606 35416 22233 71 178 682 
D 7 11 105 23 56 7 11 105 23 56
B 0 7 0 0 0 0 0 0 0 
B 1 7 0 0 0 0 0 0 0 
B 2 7 0 0 0 0 0 0 0 
m 6 0 0 0 0 0 0 
D 8 11 105 12 56 8 11 105 21 50
B 0 7 11 9 36 0 0 9 421 
B 1 7 1 1 6 0 0 1 10 
B 2 7 0 0 0 0 0 0 0 
m 6 5815 357577 245071 1020 2442 4845 
D 9 11 105 0 11 9 11 105 0 41
B 0 7 0 0 11 0 0 0 0 
B 1 7 0 0 1 0 0 0 0 
B 2 7 0 0 0 0 0 0 0 
m 6 734 60377 44564 149 348 331 
D 9 11 105 13 55 9 11 105 21 33
B 0 7 6 2 14 1 0 3 477 
B 1 7 0 0 5 0 0 0 0 
B 2 7 0 0 0 0 0 0 0 
m 6 2481 185531 116082 475 1438 1384 
D 9 11 105 23 56 9 11 105 23 56
B 0 7 0 0 0 0 0 0 0 
B 1 7 0 0 0 0 0 0 0 
B 2 7 0 0 0 0 0 0 0 
m 6 0 0 0 0 0 0 
D 10 11 105 6 57 10 11 105 17 39
B 0 7 1 0 9 0 0 1 109 
B 1 7 0 0 2 0 0 0 0 
B 2 7 0 0 0 0 0 0 0 
m 6 1262 90048 58618 248 394 501 
D 10 11 105 23 56 10 11 105 23 56
B 0 7 0 0 0 0 0 0 0 
B 1 7 0 0 0 0 0 0 0 
B 2 7 0 0 0 0 0 0 0 
m 6 0 0 0 0 0 0 
D 11 11 105 17 14 11 11 105 23 41
B 0 7 1 1 38 0 0 0 0 
B 1 7 0 0 6 0 0 0 0 
B 2 7 0 0 0 0 0 0 0 
m 6 3278 161067 97638 429 849 4573 
D 11 11 105 23 57 12 11 105 0 3
B 0 7 0 0 2 0 0 0 0 
B 1 7 0 0 1 0 0 0 0 
B 2 7 0 0 0 0 0 0 0 
m 6 19 7275 5790 9 5 13 
D 12 11 105 16 49 12 11 105 22 59
B 0 7 7 3 48 0 0 4 559 
B 1 7 0 0 7 0 0 0 0 
B 2 7 0 0 0 0 0 0 0 
m 6 5638 340966 241066 925 1753 6407 
D 12 11 105 23 56 12 11 105 23 56
B 0 7 0 0 0 0 0 0 0 
B 1 7 0 0 0 0 0 0 0 
B 2 7 0 0 0 0 0 0 0 
m 6 0 0 0 0 0 0 
D 13 11 105 16 43 13 11 105 23 43
B 0 7 10 5 44 1 1 6 608 
B 1 7 1 1 4 0 0 1 0 
B 2 7 0 0 0 0 0 0 0 
m 6 6268 380219 278689 1042 1862 5435 
D 13 11 105 23 56 13 11 105 23 56
B 0 7 0 0 0 0 0 0 0 
B 1 7 0 0 0 0 0 0 0 
B 2 7 0 0 0 0 0 0 0 
m 6 0 0 0 0 0 0 
D 14 11 105 21 20 14 11 105 21 36
B 0 7 1 0 1 0 0 1 150 
B 1 7 0 0 1 0 0 0 0 
B 2 7 0 0 0 0 0 0 0 
m 6 665 20693 12759 43 41 1044 
D 14 11 105 23 56 14 11 105 23 56
B 0 7 0 0 0 0 0 0 0 
B 1 7 0 0 0 0 0 0 0 
B 2 7 0 0 0 0 0 0 0 
m 6 0 0 0 0 0 0 
D 15 11 105 19 50 15 11 105 22 12
B 0 7 3 0 20 0 1 1 120 
B 1 7 0 0 2 0 0 0 0 
B 2 7 0 0 0 0 0 0 0 
m 6 2264 146974 101404 406 554 1927 
D 16 11 105 0 0 16 11 105 0 0
B 0 7 0 0 0 0 0 0 0 
B 1 7 0 0 0 0 0 0 0 
B 2 7 0 0 0 0 0 0 0 
m 6 0 0 0 0 0 0 
D 16 11 105 21 26 16 11 105 21 36
B 0 7 1 0 1 0 1 1 60 
B 1 7 0 0 1 0 0 0 0 
B 2 7 0 0 0 0 0 0 0 
m 6 458 11198 5246 27 38 1312 
D 16 11 105 23 56 16 11 105 23 56
B 0 7 0 0 0 0 0 0 0 
B 1 7 0 0 0 0 0 0 0 
B 2 7 0 0 0 0 0 0 0 
m 6 0 0 0 0 0 0 
D 17 11 105 15 6 17 11 105 20 49
B 0 7 5 3 58 1 0 4 195 
B 1 7 3 0 2 0 1 1 499 
B 2 7 0 0 0 0 0 0 0 
m 6 4343 272082 150029 799 1048 6763 
D 18 11 105 6 6 18 11 105 6 11
B 0 7 1 0 1 0 0 1 12 
B 1 7 0 0 2 0 0 0 0 
B 2 7 0 0 0 0 0 0 0 
m 6 318 763462 461611 2797 3685 6372 
D 19 11 105 4 0 19 11 105 4 0
B 0 7 0 0 0 0 0 0 0 
B 1 7 0 0 0 0 0 0 0 
B 2 7 0 0 0 0 0 0 0 
m 6 0 463501 274622 1757 2347 12602 
D 19 11 105 23 47 19 11 105 23 47
B 0 7 0 0 0 0 0 0 0 
B 1 7 0 0 0 0 0 0 0 
B 2 7 0 0 0 0 0 0 0 
m 6 0 0 0 0 0 0 
D 20 11 105 4 0 20 11 105 4 0
B 0 7 0 0 0 0 0 0 0 
B 1 7 0 0 0 0 0 0 0 
B 2 7 0 0 0 0 0 0 0 
m 6 0 729485 390242 2965 1896 3456 
D 20 11 105 23 56 20 11 105 23 56
B 0 7 0 0 0 0 0 0 0 
B 1 7 0 0 0 0 0 0 0 
B 2 7 0 0 0 0 0 0 0 
m 6 0 0 0 0 0 0 
D 21 11 105 4 0 21 11 105 4 0
B 0 7 0 0 0 0 0 0 0 
B 1 7 0 0 0 0 0 0 0 
B 2 7 0 0 0 0 0 0 0 
m 6 0 299491 177824 937 1085 1612 
D 21 11 105 23 56 21 11 105 23 56
B 0 7 0 0 0 0 0 0 0 
B 1 7 0 0 0 0 0 0 0 
B 2 7 0 0 0 0 0 0 0 
m 6 0 0 0 0 0 0 
D 22 11 105 4 0 22 11 105 4 0
B 0 7 0 0 0 0 0 0 0 
B 1 7 0 0 0 0 0 0 0 
B 2 7 0 0 0 0 0 0 0 
m 6 0 881861 519783 2864 2430 7238 
D 22 11 105 23 56 22 11 105 23 56
B 0 7 0 0 0 0 0 0 0 
B 1 7 0 0 0 0 0 0 0 
B 2 7 0 0 0 0 0 0 0 
m 6 0 0 0 0 0 0 
D 23 11 105 4 0 23 11 105 4 0
B 0 7 0 0 0 0 0 0 0 
B 1 7 0 0 0 0 0 0 0 
B 2 7 0 0 0 0 0 0 0 
m 6 0 249737 122365 916 1479 3774 
D 23 11 105 23 56 23 11 105 23 56
B 0 7 0 0 0 0 0 0 0 
B 1 7 0 0 0 0 0 0 0 
B 2 7 0 0 0 0 0 0 0 
m 6 0 28785 18143 88 39 177 
D 24 11 105 4 0 24 11 105 4 0
B 0 7 0 0 0 0 0 0 0 
B 1 7 0 0 0 0 0 0 0 
B 2 7 0 0 0 0 0 0 0 
m 6 0 412506 215086 1319 1651 5627 
D 24 11 105 23 56 24 11 105 23 56
B 0 7 0 0 0 0 0 0 0 
B 1 7 0 0 0 0 0 0 0 
B 2 7 0 0 0 0 0 0 0 
m 6 0 0 0 0 0 0 
D 25 11 105 4 0 25 11 105 4 0
B 0 7 0 0 0 0 0 0 0 
B 1 7 0 0 0 0 0 0 0 
B 2 7 0 0 0 0 0 0 0 
m 6 0 196162 107755 688 786 459 
D 26 11 105 4 0 26 11 105 4 0
B 0 7 0 0 0 0 0 0 0 
B 1 7 0 0 0 0 0 0 0 
B 2 7 0 0 0 0 0 0 0 
m 6 0 245836 123211 914 1115 4160 
D 26 11 105 23 52 26 11 105 23 52
B 0 7 0 0 0 0 0 0 0 
B 1 7 0 0 0 0 0 0 0 
B 2 7 0 0 0 0 0 0 0 
m 6 0 0 0 0 0 0 
D 27 11 105 4 0 27 11 105 4 0
B 0 7 0 0 0 0 0 0 0 
B 1 7 0 0 0 0 0 0 0 
B 2 7 0 0 0 0 0 0 0 
m 6 0 448849 256542 1527 2202 6645 
D 27 11 105 23 56 27 11 105 23 56
B 0 7 0 0 0 0 0 0 0 
B 1 7 0 0 0 0 0 0 0 
B 2 7 0 0 0 0 0 0 0 
m 6 0 0 0 0 0 0 
D 28 11 105 15 55 29 11 105 0 1
B 0 7 13 8 32 1 0 9 719 
B 1 7 4 1 1 0 0 2 538 
B 2 7 0 0 0 0 0 0 0 
m 6 6174 736955 411863 2571 2958 5370 
D 28 11 105 23 56 29 11 105 0 5
B 0 7 0 0 3 0 0 0 0 
B 1 7 0 0 1 0 0 0 0 
B 2 7 0 0 0 0 0 0 0 
m 6 219 15992 6117 56 140 2 
D 29 11 105 12 40 29 11 105 23 56
B 0 7 9 6 25 0 1 7 1226 
B 1 7 8 0 3 0 4 3 1273 
B 2 7 0 0 0 0 0 0 0 
m 6 5970 524089 261034 1758 2503 4677 
D 29 11 105 23 57 30 11 105 0 42
B 0 7 0 0 8 0 0 0 0 
B 1 7 0 0 2 0 0 0 0 
B 2 7 0 0 0 0 0 0 0 
m 6 127 14931 4343 42 12 90 
D 30 11 105 12 4 30 11 105 18 33
B 0 7 6 4 60 0 0 5 197 
B 1 7 0 1 5 0 0 0 0 
B 2 7 0 0 0 0 0 0 0 
m 6 5456 392800 217762 1306 2033 2800 
D 30 11 105 23 56 30 11 105 23 56
B 0 7 0 0 0 0 0 0 0 
B 1 7 0 0 0 0 0 0 0 
B 2 7 0 0 0 0 0 0 0 
m 6 0 0 0 0 0 0 
D 31 11 105 13 15 31 11 105 16 42
B 0 7 4 3 18 0 0 3 252 
B 1 7 2 0 2 0 0 1 158 
B 2 7 0 0 0 0 0 0 0 
m 6 3395 314036 170285 1086 1653 4987 
D 31 11 105 23 56 31 11 105 23 56
B 0 7 0 0 0 0 0 0 0 
B 1 7 0 0 0 0 0 0 0 
B 2 7 0 0 0 0 0 0 0 
m 6 0 0 0 0 0 0 
D 1 0 106 4 0 1 0 106 4 0
B 0 7 0 0 0 0 0 0 0 
B 1 7 0 0 0 0 0 0 0 
B 2 7 0 0 0 0 0 0 0 
m 6 0 464940 296734 1521 1967 864 
D 1 0 106 23 56 1 0 106 23 56
B 0 7 0 0 0 0 0 0 0 
B 1 7 0 0 0 0 0 0 0 
B 2 7 0 0 0 0 0 0 0 
m 6 0 0 0 0 0 0 
D 2 0 106 4 0 2 0 106 23 40
B 0 7 6 4 16 0 1 6 300 
B 1 7 0 0 3 0 0 0 0 
B 2 7 0 0 0 0 0 0 0 
m 6 2915 456857 256858 1390 2529 1682 
D 3 0 106 0 0 3 0 106 0 0
B 0 7 0 0 0 0 0 0 0 
B 1 7 0 0 0 0 0 0 0 
B 2 7 0 0 0 0 0 0 0 
m 6 0 0 0 0 0 0 
D 3 0 106 16 39 3 0 106 19 38
B 0 7 11 7 33 0 0 7 578 
B 1 7 3 0 2 0 1 2 476 
B 2 7 0 0 0 0 0 0 0 
m 6 4778 371813 214321 1127 1532 2708 
D 3 0 106 23 58 3 0 106 23 58
B 0 7 0 0 0 0 0 0 0 
B 1 7 0 0 0 0 0 0 0 
B 2 7 0 0 0 0 0 0 0 
m 6 0 0 0 0 0 0 
D 4 0 106 17 7 4 0 106 22 8
B 0 7 2 2 49 0 0 1 5 
B 1 7 3 1 2 0 1 1 469 
B 2 7 0 0 0 0 0 0 0 
m 6 5576 340125 194047 1030 1308 5557 
D 4 0 106 23 56 4 0 106 23 56
B 0 7 0 0 0 0 0 0 0 
B 1 7 0 0 0 0 0 0 0 
B 2 7 0 0 0 0 0 0 0 
m 6 0 0 0 0 0 0 
D 5 0 106 17 19 5 0 106 21 15
B 0 7 0 0 49 0 0 0 0 
B 1 7 0 0 3 0 0 0 0 
B 2 7 0 0 0 0 0 0 0 
m 6 2464 114387 65338 372 1711 1213 
D 5 0 106 23 56 5 0 106 23 56
B 0 7 0 0 0 0 0 0 0 
B 1 7 0 0 0 0 0 0 0 
B 2 7 0 0 0 0 0 0 0 
m 6 0 0 0 0 0 0 
D 6 0 106 17 25 6 0 106 19 25
B 0 7 8 5 17 0 0 5 378 
B 1 7 2 1 1 0 0 1 208 
B 2 7 0 0 0 0 0 0 0 
m 6 3836 352138 180949 1112 1672 3713 
D 6 0 106 23 56 6 0 106 23 56
B 0 7 0 0 0 0 0 0 0 
B 1 7 0 0 0 0 0 0 0 
B 2 7 0 0 0 0 0 0 0 
m 6 0 0 0 0 0 0 
D 7 0 106 9 36 7 0 106 19 32
B 0 7 17 11 15 0 0 12 758 
B 1 7 3 1 3 0 1 2 372 
B 2 7 0 0 0 0 0 0 0 
m 6 5977 512016 269111 1459 2390 5450 
D 7 0 106 23 59 7 0 106 23 59
B 0 7 0 0 0 0 0 0 0 
B 1 7 0 0 0 0 0 0 0 
B 2 7 0 0 0 0 0 0 0 
m 6 0 0 0 0 0 0 
D 8 0 106 17 28 8 0 106 23 37
B 0 7 5 4 21 0 0 4 181 
B 1 7 0 0 2 0 0 0 0 
B 2 7 0 0 0 0 0 0 0 
m 6 3316 226461 132176 618 1157 3393 
D 9 0 106 17 16 9 0 106 18 54
B 0 7 3 1 20 0 0 2 170 
B 1 7 0 0 1 0 0 0 0 
B 2 7 0 0 0 0 0 0 0 
m 6 2275 128926 61748 404 378 3196 
D 9 0 106 18 47 9 0 106 21 48
B 0 7 7 6 21 0 0 6 726 
B 1 7 6 0 2 0 4 4 1029 
B 2 7 0 0 0 0 0 0 0 
m 6 5020 277538 151800 790 1513 4635 
D 10 0 106 16 43 10 0 106 22 43
B 0 7 9 7 50 0 1 7 621 
B 1 7 4 0 3 0 0 2 0 
B 2 7 0 0 0 0 0 0 0 
m 6 6970 412165 233714 1414 2392 5759 
D 11 0 106 0 0 11 0 106 0 0
B 0 7 0 0 0 0 0 0 0 
B 1 7 0 0 0 0 0 0 0 
B 2 7 0 0 0 0 0 0 0 
m 6 0 0 0 0 0 0 
D 11 0 106 19 58 11 0 106 23 56
B 0 7 6 3 24 0 0 4 847 
B 1 7 7 0 3 0 3 4 0 
B 2 7 0 0 0 0 0 0 0 
m 6 4972 413677 224154 1178 1505 6022 
D 12 0 106 4 0 12 0 106 4 0
B 0 7 0 0 0 0 0 0 0 
B 1 7 0 0 0 0 0 0 0 
B 2 7 0 0 0 0 0 0 0 
m 6 0 225533 115533 684 771 617 
D 12 0 106 23 56 12 0 106 23 56
B 0 7 0 0 0 0 0 0 0 
B 1 7 0 0 0 0 0 0 0 
B 2 7 0 0 0 0 0 0 0 
m 6 0 0 0 0 0 0 
D 13 0 106 4 0 13 0 106 4 0
B 0 7 0 0 0 0 0 0 0 
B 1 7 0 0 0 0 0 0 0 
B 2 7 0 0 0 0 0 0 0 
m 6 0 73757 41363 285 694 625 
D 13 0 106 23 56 13 0 106 23 56
B 0 7 0 0 0 0 0 0 0 
B 1 7 0 0 0 0 0 0 0 
B 2 7 0 0 0 0 0 0 0 
m 6 0 0 0 0 0 0 
D 14 0 106 4 0 14 0 106 4 0
B 0 7 0 0 0 0 0 0 0 
B 1 7 0 0 0 0 0 0 0 
B 2 7 0 0 0 0 0 0 0 
m 6 0 592 0 0 0 0 
D 15 0 106 18 32 15 0 106 23 51
B 0 7 14 11 43 0 0 12 490 
B 1 7 0 0 3 0 0 0 0 
B 2 7 0 0 0 0 0 0 0 
m 6 6831 857598 500217 2854 4719 12214 
D 15 0 106 23 52 15 0 106 23 52
B 0 7 0 0 0 0 0 0 0 
B 1 7 0 0 1 0 0 0 0 
B 2 7 0 0 0 0 0 0 0 
m 6 0 0 0 0 0 0 
D 16 0 106 17 1 16 0 106 23 10
B 0 7 6 5 37 0 0 5 172 
B 1 7 1 1 2 0 0 1 46 
B 2 7 0 0 0 0 0 0 0 
m 6 5482 322412 187005 1086 1945 4147 
D 16 0 106 23 56 16 0 106 23 56
B 0 7 0 0 0 0 0 0 0 
B 1 7 0 0 0 0 0 0 0 
B 2 7 0 0 0 0 0 0 0 
m 6 0 0 0 0 0 0 
D 17 0 106 17 46 17 0 106 19 31
B 0 7 2 1 23 0 0 0 165 
B 1 7 0 0 2 0 0 0 0 
B 2 7 0 0 0 0 0 0 0 
m 6 1485 64556 36891 197 398 1895 
D 17 0 106 23 56 17 0 106 23 56
B 0 7 0 0 0 0 0 0 0 
B 1 7 0 0 0 0 0 0 0 
B 2 7 0 0 0 0 0 0 0 
m 6 0 0 0 0 0 0 
D 18 0 106 19 24 18 0 106 23 31
B 0 7 5 3 16 0 0 4 329 
B 1 7 0 0 4 0 0 0 0 
B 2 7 0 0 0 0 0 0 0 
m 6 2676 209604 116369 731 867 2627 
D 19 0 106 0 0 19 0 106 0 0
B 0 7 0 0 0 0 0 0 0 
B 1 7 0 0 0 0 0 0 0 
B 2 7 0 0 0 0 0 0 0 
m 6 0 0 0 0 0 0 
D 19 0 106 20 31 19 0 106 22 31
B 0 7 4 4 14 0 0 4 46 
B 1 7 0 0 2 0 0 0 0 
B 2 7 0 0 0 0 0 0 0 
m 6 2294 183495 100027 806 825 579 
D 20 0 106 0 8 20 0 106 0 30
B 0 7 0 0 8 0 0 0 0 
B 1 7 0 0 1 0 0 0 0 
B 2 7 0 0 0 0 0 0 0 
m 6 285 29755 15156 92 40 215 
D 20 0 106 17 52 20 0 106 23 45
B 0 7 6 3 45 0 0 3 405 
B 1 7 2 0 2 0 0 1 236 
B 2 7 0 0 0 0 0 0 0 
m 6 5005 398223 206001 1220 1528 4366 
D 21 0 106 14 26 21 0 106 22 17
B 0 7 5 2 21 0 1 4 442 
B 1 7 0 0 2 0 0 0 0 
B 2 7 0 0 0 0 0 0 0 
m 6 3435 309545 0 1125 0 3615 
D 21 0 106 23 56 21 0 106 23 56
B 0 7 0 0 0 0 0 0 0 
B 1 7 0 0 0 0 0 0 0 
B 2 7 0 0 0 0 0 0 0 
m 6 0 0 0 0 0 0 
D 22 0 106 13 41 23 0 106 0 0
B 0 7 9 3 30 0 1 3 789 
B 1 7 0 0 3 0 0 0 0 
B 2 7 0 0 0 0 0 0 0 
m 6 4793 521297 0 1792 0 3815 
D 22 0 106 23 57 22 0 106 23 57
B 0 7 0 0 1 0 0 0 0 
B 1 7 0 0 1 0 0 0 0 
B 2 7 0 0 0 0 0 0 0 
m 6 13 3763 0 4 0 2 
D 23 0 106 20 43 23 0 106 23 47
B 0 7 8 4 16 0 0 4 384 
B 1 7 0 0 2 0 0 0 0 
B 2 7 0 0 0 0 0 0 0 
m 6 4060 436818 88418 1599 824 1692 
D 24 0 106 0 0 24 0 106 0 0
B 0 7 0 0 0 0 0 0 0 
B 1 7 0 0 0 0 0 0 0 
B 2 7 0 0 0 0 0 0 0 
m 6 0 0 0 0 0 0 
D 24 0 106 15 55 24 0 106 22 56
B 0 7 13 4 16 0 3 7 1487 
B 1 7 0 0 4 0 0 0 0 
B 2 7 0 0 0 0 0 0 0 
m 6 4785 411913 201864 1505 1349 3965 
D 25 0 106 0 0 25 0 106 0 0
B 0 7 0 0 0 0 0 0 0 
B 1 7 0 0 0 0 0 0 0 
B 2 7 0 0 0 0 0 0 0 
m 6 0 0 0 0 0 0 
D 25 0 106 20 10 25 0 106 20 27
B 0 7 3 1 0 0 0 2 160 
B 1 7 0 0 1 0 0 0 0 
B 2 7 0 0 0 0 0 0 0 
m 6 763 259177 161509 735 1693 362 
D 25 0 106 23 56 25 0 106 23 56
B 0 7 0 0 0 0 0 0 0 
B 1 7 0 0 0 0 0 0 0 
B 2 7 0 0 0 0 0 0 0 
m 6 0 0 0 0 0 0 
D 26 0 106 4 0 26 0 106 4 0
B 0 7 0 0 0 0 0 0 0 
B 1 7 0 0 0 0 0 0 0 
B 2 7 0 0 0 0 0 0 0 
m 6 0 82816 46804 258 657 500 
D 26 0 106 23 56 26 0 106 23 56
B 0 7 0 0 0 0 0 0 0 
B 1 7 0 0 0 0 0 0 0 
B 2 7 0 0 0 0 0 0 0 
m 6 0 0 0 0 0 0 
D 27 0 106 4 0 27 0 106 4 0
B 0 7 0 0 0 0 0 0 0 
B 1 7 0 0 0 0 0 0 0 
B 2 7 0 0 0 0 0 0 0 
m 6 0 182256 107117 672 1278 1104 
D 27 0 106 23 56 27 0 106 23 56
B 0 7 0 0 0 0 0 0 0 
B 1 7 0 0 0 0 0 0 0 
B 2 7 0 0 0 0 0 0 0 
m 6 0 0 0 0 0 0 
D 28 0 106 14 1 28 0 106 23 24
B 0 7 6 3 16 0 0 4 306 
B 1 7 0 0 4 0 0 0 0 
B 2 7 0 0 0 0 0 0 0 
m 6 3243 297938 141311 938 687 5178 
D 29 0 106 0 0 29 0 106 0 0
B 0 7 0 0 0 0 0 0 0 
B 1 7 0 0 0 0 0 0 0 
B 2 7 0 0 0 0 0 0 0 
m 6 0 0 0 0 0 0 
D 29 0 106 11 35 29 0 106 22 2
B 0 7 5 5 47 0 0 5 44 
B 1 7 0 0 4 0 0 0 0 
B 2 7 0 0 0 0 0 0 0 
m 6 4963 263734 156525 940 1768 5445 
D 29 0 106 23 56 29 0 106 23 56
B 0 7 0 0 0 0 0 0 0 
B 1 7 0 0 0 0 0 0 0 
B 2 7 0 0 0 0 0 0 0 
m 6 0 0 0 0 0 0 
D 30 0 106 10 59 30 0 106 23 26
B 0 7 7 4 71 0 0 4 323 
B 1 7 0 0 7 0 0 0 0 
B 2 7 0 0 0 0 0 0 0 
m 6 7818 450652 230229 1539 2538 7751 
D 30 0 106 23 56 30 0 106 23 56
B 0 7 0 0 0 0 0 0 0 
B 1 7 0 0 0 0 0 0 0 
B 2 7 0 0 0 0 0 0 0 
m 6 0 0 0 0 0 0 
D 31 0 106 16 30 31 0 106 23 26
B 0 7 14 11 43 0 0 12 421 
B 1 7 3 2 3 0 0 1 372 
B 2 7 0 0 0 0 0 0 0 
m 6 8703 342468 201996 1018 2166 18161 
D 31 0 106 23 56 31 0 106 23 56
B 0 7 0 0 0 0 0 0 0 
B 1 7 0 0 0 0 0 0 0 
B 2 7 0 0 0 0 0 0 0 
m 6 0 0 0 0 0 0 
D 1 1 106 4 0 1 1 106 22 44
B 0 7 2 0 0 0 0 1 152 
B 1 7 0 0 1 0 0 0 0 
B 2 7 0 0 0 0 0 0 0 
m 6 454 158269 14875 573 38 2856 
D 1 1 106 23 56 1 1 106 23 56
B 0 7 0 0 0 0 0 0 0 
B 1 7 0 0 0 0 0 0 0 
B 2 7 0 0 0 0 0 0 0 
m 6 0 9877 0 32 0 44 
D 2 1 106 22 46 2 1 106 23 39
B 0 7 6 2 5 0 0 3 611 
B 1 7 0 0 1 0 0 0 0 
B 2 7 0 0 0 0 0 0 0 
m 6 2080 182570 0 697 0 1684 
D 3 1 106 12 6 3 1 106 17 13
B 0 7 5 4 35 0 0 3 128 
B 1 7 0 1 4 0 0 0 0 
B 2 7 0 0 0 0 0 0 0 
m 6 3892 373872 0 1436 0 1594 
D 3 1 106 23 55 3 1 106 23 55
B 0 7 0 0 0 0 0 0 0 
B 1 7 0 0 0 0 0 0 0 
B 2 7 0 0 0 0 0 0 0 
m 6 0 0 0 0 0 0 
D 4 1 106 15 10 4 1 106 17 47
B 0 7 2 2 18 0 0 2 18 
B 1 7 0 0 4 0 0 0 0 
B 2 7 0 0 0 0 0 0 0 
m 6 2490 248819 0 911 0 1388 
D 4 1 106 23 56 4 1 106 23 56
B 0 7 0 0 0 0 0 0 0 
B 1 7 0 0 0 0 0 0 0 
B 2 7 0 0 0 0 0 0 0 
m 6 0 0 0 0 0 0 
D 5 1 106 12 11 5 1 106 23 53
B 0 7 3 2 71 0 0 3 40 
B 1 7 5 1 5 0 2 2 896 
B 2 7 0 0 0 0 0 0 0 
m 6 4982 545981 0 1810 0 2848 
D 5 1 106 23 55 5 1 106 23 55
B 0 7 0 0 0 0 0 0 0 
B 1 7 0 0 1 0 0 0 0 
B 2 7 0 0 0 0 0 0 0 
m 6 0 83090 0 235 0 226 
D 6 1 106 4 0 6 1 106 23 46
B 0 7 1 0 0 0 0 1 76 
B 1 7 0 0 1 0 0 0 0 
B 2 7 0 0 0 0 0 0 0 
m 6 377 161018 24197 599 124 1100 
D 7 1 106 16 41 7 1 106 20 19
B 0 7 8 4 35 0 2 5 534 
B 1 7 1 1 1 0 0 1 10 
B 2 7 0 0 0 0 0 0 0 
m 6 5107 602907 331406 2014 2838 6552 
D 7 1 106 23 56 7 1 106 23 56
B 0 7 0 0 0 0 0 0 0 
B 1 7 0 0 0 0 0 0 0 
B 2 7 0 0 0 0 0 0 0 
m 6 0 0 0 0 0 0 
D 8 1 106 4 0 8 1 106 4 0
B 0 7 0 0 0 0 0 0 0 
B 1 7 0 0 0 0 0 0 0 
B 2 7 0 0 0 0 0 0 0 
m 6 0 393424 242626 1192 1874 653 
D 8 1 106 23 56 8 1 106 23 56
B 0 7 0 0 0 0 0 0 0 
B 1 7 0 0 0 0 0 0 0 
B 2 7 0 0 0 0 0 0 0 
m 6 0 18325 11296 50 36 471 
D 9 1 106 4 0 9 1 106 4 0
B 0 7 0 0 0 0 0 0 0 
B 1 7 0 0 0 0 0 0 0 
B 2 7 0 0 0 0 0 0 0 
m 6 0 141306 79192 520 462 793 
D 9 1 106 23 56 9 1 106 23 56
B 0 7 0 0 0 0 0 0 0 
B 1 7 0 0 0 0 0 0 0 
B 2 7 0 0 0 0 0 0 0 
m 6 0 0 0 0 0 0 
D 10 1 106 18 30 10 1 106 20 8
B 0 7 5 2 5 0 1 3 395 
B 1 7 0 0 2 0 0 0 0 
B 2 7 0 0 0 0 0 0 0 
m 6 2234 310477 175915 1061 1016 4101 
D 10 1 106 23 56 10 1 106 23 56
B 0 7 0 0 0 0 0 0 0 
B 1 7 0 0 0 0 0 0 0 
B 2 7 0 0 0 0 0 0 0 
m 6 0 0 0 0 0 0 
D 11 1 106 5 8 11 1 106 6 2
B 0 7 4 0 0 0 1 2 423 
B 1 7 0 0 2 0 0 0 0 
B 2 7 0 0 0 0 0 0 0 
m 6 1027 385481 235408 1236 1571 2002 
D 11 1 106 23 56 11 1 106 23 56
B 0 7 0 0 0 0 0 0 0 
B 1 7 0 0 0 0 0 0 0 
B 2 7 0 0 0 0 0 0 0 
m 6 0 14941 10264 53 247 1363 
D 12 1 106 12 45 12 1 106 23 54
B 0 7 17 14 18 0 0 14 542 
B 1 7 0 0 6 0 0 0 0 
B 2 7 0 0 0 0 0 0 0 
m 6 6511 561635 290905 1849 1652 5998 
D 13 1 106 22 13 14 1 106 0 0
B 0 7 3 3 19 0 0 3 38 
B 1 7 0 0 2 0 0 0 0 
B 2 7 0 0 0 0 0 0 0 
m 6 2223 346090 195908 1098 684 626 
D 13 1 106 23 56 13 1 106 23 56
B 0 7 0 0 1 0 0 0 0 
B 1 7 0 0 1 0 0 0 0 
B 2 7 0 0 0 0 0 0 0 
m 6 0 0 0 0 0 0 
D 14 1 106 17 11 14 1 106 18 5
B 0 7 1 1 9 0 0 1 0 
B 1 7 0 0 2 0 0 0 0 
B 2 7 0 0 0 0 0 0 0 
m 6 1123 56120 33668 199 468 704 
D 14 1 106 23 56 14 1 106 23 56
B 0 7 0 0 0 0 0 0 0 
B 1 7 0 0 0 0 0 0 0 
B 2 7 0 0 0 0 0 0 0 
m 6 0 0 0 0 0 0 
D 15 1 106 4 0 15 1 106 4 0
B 0 7 0 0 0 0 0 0 0 
B 1 7 0 0 0 0 0 0 0 
B 2 7 0 0 0 0 0 0 0 
m 6 0 0 0 0 0 0 
D 15 1 106 23 56 15 1 106 23 56
B 0 7 0 0 0 0 0 0 0 
B 1 7 0 0 0 0 0 0 0 
B 2 7 0 0 0 0 0 0 0 
m 6 0 0 0 0 0 0 
D 16 1 106 21 41 16 1 106 23 54
B 0 7 5 1 17 2 0 3 367 
B 1 7 0 0 2 0 0 0 0 
B 2 7 0 0 0 0 0 0 0 
m 6 2828 482464 155293 1385 968 923 
D 16 1 106 23 56 16 1 106 23 56
B 0 7 0 0 0 0 0 0 0 
B 1 7 0 0 1 0 0 0 0 
B 2 7 0 0 0 0 0 0 0 
m 6 0 0 0 0 0 0 
D 17 1 106 16 53 18 1 106 0 1
B 0 7 1 1 14 0 0 1 9 
B 1 7 0 0 4 0 0 0 0 
B 2 7 0 0 0 0 0 0 0 
m 6 1326 100142 55006 351 381 657 
D 17 1 106 23 56 18 1 106 0 32
B 0 7 0 0 8 0 0 0 0 
B 1 7 0 0 1 0 0 0 0 
B 2 7 0 0 0 0 0 0 0 
m 6 125 18618 8731 54 24 4 
D 18 1 106 12 36 18 1 106 23 10
B 0 7 14 12 83 0 0 12 387 
B 1 7 0 1 7 0 0 0 0 
B 2 7 0 0 0 0 0 0 0 
m 6 9858 612670 307827 2034 3365 8268 
D 18 1 106 23 55 18 1 106 23 55
B 0 7 0 0 0 0 0 0 0 
B 1 7 0 0 0 0 0 0 0 
B 2 7 0 0 0 0 0 0 0 
m 6 0 0 0 0 0 0 
D 19 1 106 13 19 19 1 106 20 58
B 0 7 8 7 35 0 0 8 505 
B 1 7 3 2 6 0 0 1 336 
B 2 7 0 0 0 0 0 0 0 
m 6 7624 758212 395662 2706 2517 2274 
D 19 1 106 23 55 19 1 106 23 55
B 0 7 0 0 0 0 0 0 0 
B 1 7 0 0 0 0 0 0 0 
B 2 7 0 0 0 0 0 0 0 
m 6 0 0 0 0 0 0 
D 20 1 106 22 23 21 1 106 0 1
B 0 7 0 0 11 0 0 0 0 
B 1 7 0 0 4 0 0 0 0 
B 2 7 0 0 0 0 0 0 0 
m 6 620 82571 37825 228 119 461 
D 20 1 106 23 56 21 1 106 0 0
B 0 7 0 0 2 0 0 0 0 
B 1 7 0 0 1 0 0 0 0 
B 2 7 0 0 0 0 0 0 0 
m 6 101 0 0 0 0 171 
D 21 1 106 16 58 21 1 106 23 49
B 0 7 3 2 25 0 0 2 5 
B 1 7 0 0 4 0 0 0 0 
B 2 7 0 0 0 0 0 0 0 
m 6 2966 300374 160001 1005 1344 1465 
D 21 1 106 23 55 21 1 106 23 55
B 0 7 0 0 0 0 0 0 0 
B 1 7 0 0 0 0 0 0 0 
B 2 7 0 0 0 0 0 0 0 
m 6 0 15576 10514 48 82 3 
D 22 1 106 23 23 22 1 106 23 38
B 0 7 0 0 12 0 0 0 0 
B 1 7 0 0 0 0 0 0 0 
B 2 7 0 0 0 0 0 0 0 
m 6 335 59110 20583 172 86 596 
D 22 1 106 23 56 22 1 106 23 56
B 0 7 0 0 4 0 0 0 0 
B 1 7 0 0 1 0 0 0 0 
B 2 7 0 0 0 0 0 0 0 
m 6 28 404 0 0 0 0 
D 23 1 106 22 26 23 1 106 23 24
B 0 7 0 0 14 0 0 0 0 
B 1 7 0 0 1 0 0 0 0 
B 2 7 0 0 0 0 0 0 0 
m 6 1041 63431 34103 182 375 346 
D 23 1 106 23 55 23 1 106 23 55
B 0 7 0 0 0 0 0 0 0 
B 1 7 0 0 0 0 0 0 0 
B 2 7 0 0 0 0 0 0 0 
m 6 0 0 0 0 0 0 
D 24 1 106 18 29 25 1 106 0 0
B 0 7 1 1 5 0 0 1 7 
B 1 7 0 0 1 0 0 0 0 
B 2 7 0 0 0 0 0 0 0 
m 6 877 116373 52469 324 218 634 
D 24 1 106 23 56 25 1 106 0 19
B 0 7 1 1 6 0 0 1 0 
B 1 7 0 0 1 0 0 0 0 
B 2 7 0 0 0 0 0 0 0 
m 6 522 29908 18060 88 188 189 
D 25 1 106 13 35 25 1 106 20 36
B 0 7 8 8 46 0 0 8 60 
B 1 7 0 1 3 0 0 0 0 
B 2 7 0 0 0 0 0 0 0 
m 6 5553 296607 146024 973 893 8648 
D 25 1 106 23 55 25 1 106 23 55
B 0 7 0 0 0 0 0 0 0 
B 1 7 0 0 0 0 0 0 0 
B 2 7 0 0 0 0 0 0 0 
m 6 0 0 0 0 0 0 
D 26 1 106 14 7 26 1 106 23 30
B 0 7 6 6 55 0 0 6 69 
B 1 7 0 1 4 0 0 0 0 
B 2 7 0 0 0 0 0 0 0 
m 6 5968 335200 198849 852 1490 7904 
D 27 1 106 22 22 27 1 106 23 43
B 0 7 5 2 6 0 0 2 358 
B 1 7 0 0 2 0 0 0 0 
B 2 7 0 0 0 0 0 0 0 
m 6 2177 138057 92367 415 518 3131 
D 28 1 106 16 51 28 1 106 20 2
B 0 7 5 5 25 0 0 5 190 
B 1 7 2 1 1 0 0 1 172 
B 2 7 0 0 0 0 0 0 0 
m 6 3719 200803 132275 642 668 5083 
D 1 2 106 20 10 2 2 106 0 4
B 0 7 2 1 10 0 0 2 56 
B 1 7 0 0 2 0 0 0 0 
B 2 7 0 0 0 0 0 0 0 
m 6 1524 173768 90552 276 299 1245 
D 2 2 106 9 38 2 2 106 23 31
B 0 7 4 4 14 0 0 3 25 
B 1 7 0 0 2 0 0 0 0 
B 2 7 0 0 0 0 0 0 0 
m 6 2278 78845 53445 267 747 2425 
D 3 2 106 16 42 3 2 106 23 17
B 0 7 3 3 49 0 0 3 19 
B 1 7 2 1 3 0 0 1 207 
B 2 7 0 0 0 0 0 0 0 
m 6 5066 260174 180575 664 1036 7130 
D 4 2 106 16 22 4 2 106 21 30
B 0 7 2 2 10 0 0 2 21 
B 1 7 0 0 2 0 0 0 0 
B 2 7 0 0 0 0 0 0 0 
m 6 1833 130614 93256 365 406 1083 
D 5 2 106 14 41 5 2 106 23 57
B 0 7 12 11 36 0 0 11 260 
B 1 7 5 2 3 0 0 3 517 
B 2 7 0 0 0 0 0 0 0 
m 6 7326 429121 304036 1222 1760 8566 
D 6 2 106 8 11 6 2 106 23 28
B 0 7 9 6 26 0 2 8 229 
B 1 7 16 1 2 0 8 9 2788 
B 2 7 0 0 0 0 0 0 0 
m 6 5829 347275 225705 1118 1092 6347 
D 7 2 106 16 55 7 2 106 23 29
B 0 7 16 13 48 0 0 14 434 
B 1 7 2 3 4 0 1 1 217 
B 2 7 0 0 0 0 0 0 0 
m 6 7724 304554 213035 931 1254 11520 
D 8 2 106 19 43 8 2 106 22 3
B 0 7 5 4 15 0 0 5 151 
B 1 7 3 0 1 0 1 1 495 
B 2 7 0 0 0 0 0 0 0 
m 6 3455 133279 92092 424 414 5430 
D 9 2 106 23 31 9 2 106 23 39
B 0 7 1 0 1 0 1 0 43 
B 1 7 0 0 1 0 0 0 0 
B 2 7 0 0 0 0 0 0 0 
m 6 359 24752 19162 72 127 210 
D 10 2 106 18 19 10 2 106 21 24
B 0 7 6 6 31 0 0 6 392 
B 1 7 5 1 0 0 3 3 653 
B 2 7 0 0 0 0 0 0 0 
m 6 5387 212279 127327 574 830 8227 
D 11 2 106 17 48 11 2 106 20 6
B 0 7 5 5 12 0 0 5 52 
B 1 7 0 0 2 0 0 0 0 
B 2 7 0 0 0 0 0 0 0 
m 6 2302 122055 70826 265 340 4312 
D 12 2 106 14 10 12 2 106 19 43
B 0 7 5 5 48 0 0 5 20 
B 1 7 1 1 5 0 0 1 0 
B 2 7 0 0 0 0 0 0 0 
m 6 6273 205962 140664 516 1949 9682 
D 13 2 106 10 52 13 2 106 23 14
B 0 7 10 8 80 0 0 8 128 
B 1 7 3 4 5 0 0 3 27 
B 2 7 0 0 0 0 0 0 0 
m 6 9978 359516 222538 940 2093 18609 
D 14 2 106 17 59 14 2 106 21 39
B 0 7 5 5 34 0 0 5 64 
B 1 7 2 1 2 0 0 1 180 
B 2 7 0 0 0 0 0 0 0 
m 6 4856 190174 121552 561 933 6543 
D 15 2 106 19 41 15 2 106 20 20
B 0 7 0 0 14 0 0 0 0 
B 1 7 0 0 1 0 0 0 0 
B 2 7 0 0 0 0 0 0 0 
m 6 1143 71385 50823 166 240 940 
D 16 2 106 22 52 16 2 106 23 16
B 0 7 2 1 3 0 0 1 150 
B 1 7 0 0 1 0 0 0 0 
B 2 7 0 0 0 0 0 0 0 
m 6 923 61654 43097 156 120 1188 
D 17 2 106 17 10 18 2 106 3 32
B 0 7 4 2 26 0 0 4 259 
B 1 7 0 0 4 0 0 0 0 
B 2 7 0 0 0 0 0 0 0 
m 6 3970 170141 108830 485 1025 3441 
D 18 2 106 17 8 18 2 106 18 15
B 0 7 4 4 11 0 0 3 36 
B 1 7 1 1 0 0 0 1 6 
B 2 7 0 0 0 0 0 0 0 
m 6 2407 111277 81526 277 688 2503 
D 19 2 106 14 19 19 2 106 22 58
B 0 7 10 6 59 0 1 7 887 
B 1 7 7 1 3 0 2 4 919 
B 2 7 0 0 0 0 0 0 0 
m 6 8007 415379 263488 1244 2101 7056 
D 20 2 106 4 0 20 2 106 23 37
B 0 7 8 6 3 0 0 6 346 
B 1 7 1 0 0 0 0 1 97 
B 2 7 0 0 0 0 0 0 0 
m 6 2498 121911 84172 387 687 2180 
D 21 2 106 18 34 21 2 106 23 29
B 0 7 7 5 38 0 1 7 192 
B 1 7 0 0 3 0 0 0 0 
B 2 7 0 0 0 0 0 0 0 
m 6 5655 244406 143405 644 924 8612 
D 22 2 106 19 37 23 2 106 0 36
B 0 7 10 8 57 0 0 7 417 
B 1 7 6 2 1 0 2 3 816 
B 2 7 0 0 0 0 0 0 0 
m 6 7703 286195 175335 843 1210 10342 
D 24 2 106 0 8 24 2 106 0 27
B 0 7 3 1 0 0 0 2 259 
B 1 7 0 0 1 0 0 0 0 
B 2 7 0 0 0 0 0 0 0 
m 6 862 45906 34586 152 324 268 
D 24 2 106 17 8 24 2 106 23 57
B 0 7 6 6 42 0 0 5 469 
B 1 7 3 0 2 0 1 1 446 
B 2 7 0 0 0 0 0 0 0 
m 6 5396 347989 219527 1053 2089 1779 
D 25 2 106 17 49 25 2 106 19 27
B 0 7 7 3 6 0 0 3 418 
B 1 7 2 1 1 0 0 1 195 
B 2 7 0 0 0 0 0 0 0 
m 6 3307 295333 193371 986 1006 937 
D 26 2 106 18 2 26 2 106 23 49
B 0 7 1 0 24 0 0 1 120 
B 1 7 0 0 5 0 0 0 0 
B 2 7 0 0 0 0 0 0 0 
m 6 2554 212120 138247 533 910 1077 
D 27 2 106 20 56 27 2 106 23 32
B 0 7 10 5 8 0 1 5 719 
B 1 7 0 0 2 0 0 0 0 
B 2 7 0 0 0 0 0 0 0 
m 6 3703 254849 158504 830 1039 2151 
D 28 2 106 16 35 28 2 106 21 40
B 0 7 5 4 30 0 0 4 200 
B 1 7 2 1 1 0 0 1 180 
B 2 7 0 0 0 0 0 0 0 
m 6 3734 198282 109102 575 483 4685 
D 29 2 106 20 48 29 2 106 22 38
B 0 7 1 1 4 0 0 1 8 
B 1 7 0 0 3 0 0 0 0 
B 2 7 0 0 0 0 0 0 0 
m 6 946 52664 29800 150 145 904 
D 30 2 106 8 5 30 2 106 22 51
B 0 7 19 10 74 0 2 13 1340 
B 1 7 3 1 8 0 0 2 370 
B 2 7 0 0 0 0 0 0 0 
m 6 10857 797923 458268 2357 2663 7766 
D 31 2 106 10 49 31 2 106 23 13
B 0 7 23 13 74 1 1 15 1453 
B 1 7 1 1 9 0 0 1 7 
B 2 7 0 0 0 0 0 0 0 
m 6 11746 731103 478229 1989 2580 15095 
D 1 3 106 10 23 1 3 106 18 18
B 0 7 8 5 32 0 1 6 457 
B 1 7 3 1 1 0 0 2 354 
B 2 7 0 0 0 0 0 0 0 
m 6 5228 235628 158210 613 792 9954 
D 2 3 106 17 4 2 3 106 21 34
B 0 7 7 4 28 0 0 5 428 
B 1 7 1 0 4 0 0 0 122 
B 2 7 0 0 0 0 0 0 0 
m 6 4279 304490 173986 831 859 5096 
D 3 3 106 19 49 3 3 106 23 10
B 0 7 6 5 11 0 0 5 129 
B 1 7 2 1 1 0 1 1 197 
B 2 7 0 0 0 0 0 0 0 
m 6 2978 223334 152389 650 915 1846 
D 4 3 106 16 46 5 3 106 0 15
B 0 7 6 4 53 0 0 4 626 
B 1 7 3 0 3 0 1 2 409 
B 2 7 0 0 0 0 0 0 0 
m 6 6439 289825 172369 820 1400 7953 
D 5 3 106 19 52 5 3 106 23 59
B 0 7 0 0 24 0 0 0 0 
B 1 7 0 0 5 0 0 0 0 
B 2 7 0 0 0 0 0 0 0 
m 6 987 93066 58866 155 320 171 
D 6 3 106 22 58 7 3 106 0 24
B 0 7 5 1 4 0 2 2 486 
B 1 7 0 0 2 0 0 0 0 
B 2 7 0 0 0 0 0 0 0 
m 6 2115 154653 101445 394 357 2299 
D 7 3 106 4 0 7 3 106 21 33
B 0 7 4 3 15 0 0 3 203 
B 1 7 1 0 1 0 0 1 47 
B 2 7 0 0 0 0 0 0 0 
m 6 2686 426221 326299 1065 2072 3139 
D 8 3 106 12 5 8 3 106 19 46
B 0 7 12 8 36 0 0 9 1055 
B 1 7 6 1 1 0 1 2 735 
B 2 7 0 0 0 0 0 0 0 
m 6 6830 452796 279714 1306 1376 5900 
D 9 3 106 13 38 9 3 106 21 43
B 0 7 10 7 51 0 0 6 623 
B 1 7 2 1 3 0 1 1 320 
B 2 7 0 0 0 0 0 0 0 
m 6 6978 354456 213596 887 1015 11122 
D 10 3 106 7 7 10 3 106 20 14
B 0 7 10 7 37 0 0 7 532 
B 1 7 7 1 2 0 2 4 939 
B 2 7 0 0 0 0 0 0 0 
m 6 7129 928720 692369 2624 3667 22151 
D 11 3 106 19 10 11 3 106 20 16
B 0 7 4 3 7 0 0 3 86 
B 1 7 0 0 2 0 0 0 0 
B 2 7 0 0 0 0 0 0 0 
m 6 2129 194572 126036 616 735 1086 
D 12 3 106 16 59 12 3 106 17 19
B 0 7 0 0 6 0 0 0 0 
B 1 7 0 0 1 0 0 0 0 
B 2 7 0 0 0 0 0 0 0 
m 6 480 15284 10577 42 50 771 
D 13 3 106 16 35 13 3 106 23 59
B 0 7 1 1 31 0 0 1 12 
B 1 7 0 0 2 0 0 0 0 
B 2 7 0 0 0 0 0 0 0 
m 6 1717 65068 44109 194 623 1559 
D 14 3 106 14 5 14 3 106 22 56
B 0 7 9 6 23 0 0 6 529 
B 1 7 0 0 7 0 0 0 0 
B 2 7 0 0 0 0 0 0 0 
m 6 3714 344536 245061 1049 1402 1828 
D 15 3 106 14 13 15 3 106 14 36
B 0 7 0 0 4 0 0 0 0 
B 1 7 0 0 0 0 0 0 0 
B 2 7 0 0 0 0 0 0 0 
m 6 773 84506 55416 212 335 201 
D 18 3 106 18 5 18 3 106 23 21
B 0 7 10 6 32 0 0 7 528 
B 1 7 6 1 2 0 3 3 942 
B 2 7 0 0 0 0 0 0 0 
m 6 5303 302199 169358 761 1160 6601 
D 19 3 106 16 37 19 3 106 23 25
B 0 7 3 3 17 0 0 3 40 
B 1 7 1 1 1 0 0 1 30 
B 2 7 0 0 0 0 0 0 0 
m 6 2457 112859 64352 380 524 3185 
D 20 3 106 6 44 20 3 106 23 50
B 0 7 1 0 5 0 0 1 87 
B 1 7 0 0 2 0 0 0 0 
B 2 7 0 0 0 0 0 0 0 
m 6 857 73925 39693 209 252 383 
D 21 3 106 17 45 21 3 106 21 36
B 0 7 6 5 14 0 0 5 135 
B 1 7 0 0 3 0 0 0 0 
B 2 7 0 0 0 0 0 0 0 
m 6 3481 173015 106182 516 570 4662 
D 22 3 106 16 30 22 3 106 19 59
B 0 7 0 0 49 0 0 0 0 
B 1 7 0 0 3 0 0 0 0 
B 2 7 0 0 0 0 0 0 0 
m 6 3454 103706 63104 241 995 4586 
D 23 3 106 16 19 24 3 106 0 11
B 0 7 1 1 69 0 0 1 0 
B 1 7 0 0 3 0 0 0 0 
B 2 7 0 0 0 0 0 0 0 
m 6 2994 185745 98239 437 1254 1357 
D 24 3 106 4 0 24 3 106 4 0
B 0 7 0 0 0 0 0 0 0 
B 1 7 0 0 0 0 0 0 0 
B 2 7 0 0 0 0 0 0 0 
m 6 0 0 0 0 0 0 
D 25 3 106 16 46 25 3 106 23 53
B 0 7 3 2 44 0 0 3 160 
B 1 7 0 0 4 0 0 0 0 
B 2 7 0 0 0 0 0 0 0 
m 6 4283 213199 141252 524 1073 4731 
D 26 3 106 23 5 26 3 106 23 45
B 0 7 0 0 5 0 0 0 0 
B 1 7 0 0 1 0 0 0 0 
B 2 7 0 0 0 0 0 0 0 
m 6 590 44088 26703 103 93 719 
D 27 3 106 20 0 27 3 106 21 8
B 0 7 3 3 10 0 0 3 27 
B 1 7 0 0 2 0 0 0 0 
B 2 7 0 0 0 0 0 0 0 
m 6 1592 61439 40636 130 184 1920 
D 28 3 106 16 44 28 3 106 23 28
B 0 7 13 7 42 0 1 10 624 
B 1 7 1 1 5 0 0 1 73 
B 2 7 0 0 0 0 0 0 0 
m 6 6700 545228 346753 1742 1638 7842 
D 29 3 106 4 0 29 3 106 4 0
B 0 7 0 0 0 0 0 0 0 
B 1 7 0 0 0 0 0 0 0 
B 2 7 0 0 0 0 0 0 0 
m 6 0 5121 3265 10 12 77 
D 30 3 106 4 0 30 3 106 4 0
B 0 7 0 0 0 0 0 0 0 
B 1 7 0 0 0 0 0 0 0 
B 2 7 0 0 0 0 0 0 0 
m 6 0 0 0 0 0 0 
D 1 4 106 4 0 1 4 106 4 0
B 0 7 0 0 0 0 0 0 0 
B 1 7 0 0 0 0 0 0 0 
B 2 7 0 0 0 0 0 0 0 
m 6 0 144186 87558 420 615 1131 
D 2 4 106 4 0 2 4 106 4 0
B 0 7 0 0 0 0 0 0 0 
B 1 7 0 0 0 0 0 0 0 
B 2 7 0 0 0 0 0 0 0 
m 6 0 253299 148399 790 1280 2933 
D 3 4 106 20 42 3 4 106 20 43
B 0 7 0 0 1 0 0 0 0 
B 1 7 0 0 1 0 0 0 0 
B 2 7 0 0 0 0 0 0 0 
m 6 18 50565 33753 138 165 376 
D 4 4 106 22 30 4 4 106 23 16
B 0 7 2 2 8 0 0 2 27 
B 1 7 0 0 1 0 0 0 0 
B 2 7 0 0 0 0 0 0 0 
m 6 1641 143169 98913 390 504 928 
D 5 4 106 17 19 5 4 106 17 46
B 0 7 3 2 4 0 1 3 196 
B 1 7 0 0 1 0 0 0 0 
B 2 7 0 0 0 0 0 0 0 
m 6 1189 103105 62463 274 283 819 
D 6 4 106 12 15 6 4 106 20 54
B 0 7 14 11 44 0 0 12 396 
B 1 7 1 2 4 0 0 1 46 
B 2 7 0 0 0 0 0 0 0 
m 6 7618 368811 215185 987 1255 12021 
D 7 4 106 13 32 7 4 106 23 14
B 0 7 30 26 33 0 0 26 870 
B 1 7 5 3 5 0 1 2 598 
B 2 7 0 0 0 0 0 0 0 
m 6 12672 1066101 789428 3647 4061 13621 
D 8 4 106 10 26 9 4 106 0 6
B 0 7 10 8 78 0 0 8 644 
B 1 7 13 1 7 0 5 6 2179 
B 2 7 0 0 0 0 0 0 0 
m 6 8437 618616 403630 1742 2892 7385 
D 9 4 106 10 25 9 4 106 20 9
B 0 7 4 2 73 0 1 4 169 
B 1 7 3 2 2 0 1 2 475 
B 2 7 0 0 0 0 0 0 0 
m 6 6451 411084 236447 1125 2160 3394 
D 10 4 106 10 50 11 4 106 0 12
B 0 7 8 6 54 0 0 6 248 
B 1 7 4 0 3 0 2 2 697 
B 2 7 0 0 0 0 0 0 0 
m 6 6004 332831 232643 1001 1945 5346 
D 11 4 106 10 57 11 4 106 20 56
B 0 7 9 5 72 0 1 7 397 
B 1 7 0 1 5 0 0 0 0 
B 2 7 0 0 0 0 0 0 0 
m 6 6859 279867 184386 756 2444 9496 
D 12 4 106 6 6 12 4 106 21 1
B 0 7 3 2 39 0 0 3 20 
B 1 7 0 0 4 0 0 0 0 
B 2 7 0 0 0 0 0 0 0 
m 6 3603 199254 142602 493 1770 3039 
D 13 4 106 17 37 13 4 106 18 58
B 0 7 5 3 19 0 0 4 262 
B 1 7 2 1 0 0 0 1 200 
B 2 7 0 0 0 0 0 0 0 
m 6 2602 107492 66666 216 661 3979 
D 14 4 106 18 38 15 4 106 0 5
B 0 7 5 5 30 0 0 4 162 
B 1 7 4 1 2 0 1 2 650 
B 2 7 0 0 0 0 0 0 0 
m 6 3779 91921 59092 207 1272 5931 
D 15 4 106 19 49 15 4 106 23 36
B 0 7 4 3 36 0 0 3 146 
B 1 7 0 0 4 0 0 0 0 
B 2 7 0 0 0 0 0 0 0 
m 6 3777 145677 86794 305 1667 4117 
D 16 4 106 21 7 17 4 106 0 27
B 0 7 2 1 10 0 0 2 138 
B 1 7 0 0 5 0 0 0 0 
B 2 7 0 0 0 0 0 0 0 
m 6 1609 129655 88216 333 642 697 
D 17 4 106 21 43 17 4 106 21 47
B 0 7 0 0 1 0 0 0 0 
B 1 7 0 0 1 0 0 0 0 
B 2 7 0 0 0 0 0 0 0 
m 6 202 17756 15209 42 109 87 
D 18 4 106 21 30 18 4 106 21 44
B 0 7 0 0 5 0 0 0 0 
B 1 7 0 0 1 0 0 0 0 
B 2 7 0 0 0 0 0 0 0 
m 6 458 23720 17284 49 127 448 
D 19 4 106 20 49 19 4 106 21 33
B 0 7 3 3 5 0 0 2 29 
B 1 7 0 0 1 0 0 0 0 
B 2 7 0 0 0 0 0 0 0 
m 6 1800 67327 38685 168 185 2801 
D 20 4 106 12 46 20 4 106 17 37
B 0 7 3 3 39 0 0 3 163 
B 1 7 3 1 1 0 1 1 465 
B 2 7 0 0 0 0 0 0 0 
m 6 4801 215078 128602 535 1486 7067 
D 21 4 106 12 57 21 4 106 21 51
B 0 7 7 6 87 0 1 7 242 
B 1 7 0 0 6 0 0 0 0 
B 2 7 0 0 0 0 0 0 0 
m 6 8276 296211 183330 874 3103 6656 
D 22 4 106 21 55 22 4 106 23 56
B 0 7 6 3 5 0 0 4 393 
B 1 7 0 0 2 0 0 0 0 
B 2 7 0 0 0 0 0 0 0 
m 6 2022 173415 22951 536 85 3188 
D 23 4 106 16 2 24 4 106 0 1
B 0 7 3 1 36 0 0 2 70 
B 1 7 0 1 4 0 0 0 0 
B 2 7 0 0 0 0 0 0 0 
m 6 3750 241415 0 733 0 5248 
D 24 4 106 23 23 25 4 106 0 9
B 0 7 5 3 2 0 0 2 190 
B 1 7 0 0 1 0 0 0 0 
B 2 7 0 0 0 0 0 0 0 
m 6 1925 84939 0 283 0 4574 
D 25 4 106 21 41 25 4 106 21 55
B 0 7 0 0 2 0 0 0 0 
B 1 7 0 0 2 0 0 0 0 
B 2 7 0 0 0 0 0 0 0 
m 6 83 4637 0 18 0 129 
D 26 4 106 17 28 26 4 106 22 55
B 0 7 5 5 30 0 0 5 43 
B 1 7 1 1 2 0 0 1 17 
B 2 7 0 0 0 0 0 0 0 
m 6 4220 168715 0 530 0 8155 
D 27 4 106 11 43 28 4 106 1 12
B 0 7 9 8 67 0 0 9 131 
B 1 7 2 2 4 0 0 2 103 
B 2 7 0 0 0 0 0 0 0 
m 6 8406 394149 0 1114 0 16412 
D 28 4 106 11 37 28 4 106 21 2
B 0 7 19 16 65 0 0 16 627 
B 1 7 0 3 6 0 0 0 0 
B 2 7 0 0 0 0 0 0 0 
m 6 10627 282845 0 866 0 23287 
D 29 4 106 15 46 29 4 106 23 35
B 0 7 6 6 45 0 0 6 187 
B 1 7 2 2 4 0 0 1 292 
B 2 7 0 0 0 0 0 0 0 
m 6 7431 272298 0 831 0 15438 
D 30 4 106 17 25 30 4 106 23 38
B 0 7 14 12 44 0 0 13 305 
B 1 7 3 2 3 0 1 1 401 
B 2 7 0 0 0 0 0 0 0 
m 6 7640 192525 0 582 0 16744 
D 31 4 106 20 11 31 4 106 23 7
B 0 7 3 3 31 0 0 3 26 
B 1 7 1 0 1 0 0 1 72 
B 2 7 0 0 0 0 0 0 0 
m 6 2894 245786 0 752 0 4086 
D 1 5 106 17 34 1 5 106 21 28
B 0 7 7 7 32 0 0 7 61 
B 1 7 2 2 2 0 1 2 186 
B 2 7 0 0 0 0 0 0 0 
m 6 5406 148929 0 373 0 12679 
D 2 5 106 17 27 2 5 106 23 33
B 0 7 8 8 32 0 0 8 136 
B 1 7 2 0 2 0 1 2 208 
B 2 7 0 0 0 0 0 0 0 
m 6 5383 284773 0 847 0 13472 
D 3 5 106 10 26 4 5 106 0 12
B 0 7 12 10 100 0 0 10 510 
B 1 7 2 2 6 0 0 1 246 
B 2 7 0 0 0 0 0 0 0 
m 6 11424 353921 0 1178 0 28389 
D 4 5 106 10 2 4 5 106 21 49
B 0 7 26 23 88 0 0 23 1016 
B 1 7 10 5 4 0 1 6 1042 
B 2 7 2 0 0 0 2 2 2055 
m 6 16455 460468 0 1427 0 49037 
D 5 5 106 23 26 5 5 106 23 35
B 0 7 0 0 3 0 0 0 0 
B 1 7 0 0 1 0 0 0 0 
B 2 7 0 0 0 0 0 0 0 
m 6 248 45258 0 170 0 151 
D 6 5 106 17 32 6 5 106 20 30
B 0 7 1 1 24 0 0 1 0 
B 1 7 0 0 5 0 0 0 0 
B 2 7 0 0 0 0 0 0 0 
m 6 1494 84122 0 292 0 1997 
D 7 5 106 17 52 7 5 106 17 52
B 0 7 0 0 1 0 0 0 0 
B 1 7 0 0 1 0 0 0 0 
B 2 7 0 0 0 0 0 0 0 
m 6 5 2556 0 0 0 0 
D 8 5 106 17 46 8 5 106 23 2
B 0 7 7 5 38 0 0 5 305 
B 1 7 3 1 2 0 1 2 196 
B 2 7 0 0 0 0 0 0 0 
m 6 5321 487277 0 1709 0 5320 
D 9 5 106 17 10 9 5 106 20 43
B 0 7 9 3 25 0 2 7 668 
B 1 7 1 0 3 1 0 1 22 
B 2 7 0 0 0 0 0 0 0 
m 6 4476 987820 0 3822 0 4543 
D 10 5 106 13 13 10 5 106 22 18
B 0 7 7 6 70 0 0 6 221 
B 1 7 5 2 5 0 2 3 899 
B 2 7 0 0 0 0 0 0 0 
m 6 8277 700855 0 2159 0 12847 
D 11 5 106 11 15 11 5 106 23 31
B 0 7 15 9 47 1 1 13 590 
B 1 7 4 2 4 0 0 2 341 
B 2 7 0 0 0 0 0 0 0 
m 6 8360 1164071 385883 3485 2445 20953 
D 12 5 106 17 34 12 5 106 22 58
B 0 7 9 9 44 0 0 9 59 
B 1 7 2 2 4 0 0 1 187 
B 2 7 0 0 0 0 0 0 0 
m 6 5646 257736 138125 912 919 8905 
D 13 5 106 15 53 13 5 106 19 56
B 0 7 4 4 34 0 0 4 51 
B 1 7 0 0 3 0 0 0 0 
B 2 7 0 0 0 0 0 0 0 
m 6 3205 103170 48222 340 224 6300 
D 14 5 106 17 46 14 5 106 22 55
B 0 7 5 5 54 0 0 5 26 
B 1 7 2 1 3 0 0 1 200 
B 2 7 0 0 0 0 0 0 0 
m 6 6385 213328 98601 694 869 13369 
D 15 5 106 16 40 15 5 106 23 48
B 0 7 12 10 62 1 0 12 309 
B 1 7 5 4 4 0 1 2 756 
B 2 7 0 0 0 0 0 0 0 
m 6 9688 327013 132602 1029 1465 20602 
D 16 5 106 15 18 17 5 106 0 27
B 0 7 6 4 50 0 0 3 293 
B 1 7 0 0 5 0 0 0 0 
B 2 7 0 0 0 0 0 0 0 
m 6 4734 231869 109460 759 1248 7151 
D 17 5 106 11 59 17 5 106 17 35
B 0 7 13 10 22 0 1 11 393 
B 1 7 6 1 3 0 2 3 878 
B 2 7 0 0 0 0 0 0 0 
m 6 7189 810601 334332 2906 1843 2594 
D 18 5 106 19 30 18 5 106 23 34
B 0 7 1 1 34 0 0 1 12 
B 1 7 0 0 2 0 0 0 0 
B 2 7 0 0 0 0 0 0 0 
m 6 1544 79160 32396 304 729 308 
D 19 5 106 15 25 19 5 106 23 52
B 0 7 15 9 41 0 0 9 631 
B 1 7 3 0 5 0 1 1 542 
B 2 7 0 0 0 0 0 0 0 
m 6 7572 803905 382377 2605 1995 3872 
D 20 5 106 15 13 20 5 106 23 7
B 0 7 2 2 22 0 0 2 41 
B 1 7 0 0 3 0 0 0 0 
B 2 7 0 0 0 0 0 0 0 
m 6 2270 189272 98453 609 652 874 
D 21 5 106 16 20 21 5 106 23 28
B 0 7 7 5 20 0 0 5 253 
B 1 7 0 0 3 0 0 0 0 
B 2 7 0 0 0 0 0 0 0 
m 6 4171 412543 234587 1293 1826 1795 
D 22 5 106 7 24 22 5 106 23 4
B 0 7 5 4 26 0 0 4 288 
B 1 7 4 1 2 0 1 2 586 
B 2 7 0 0 0 0 0 0 0 
m 6 3594 310001 135581 963 984 2117 
D 23 5 106 16 42 23 5 106 18 46
B 0 7 1 1 26 0 0 1 185 
B 1 7 3 1 1 0 1 1 437 
B 2 7 0 0 0 0 0 0 0 
m 6 2527 138631 70564 400 778 2913 
D 24 5 106 20 31 24 5 106 23 18
B 0 7 0 0 2 0 0 0 0 
B 1 7 0 0 2 0 0 0 0 
B 2 7 0 0 0 0 0 0 0 
m 6 170 16870 7455 40 55 95 
D 25 5 106 23 50 26 5 106 0 1
B 0 7 0 0 4 0 0 0 0 
B 1 7 0 0 1 0 0 0 0 
B 2 7 0 0 0 0 0 0 0 
m 6 236 8787 5754 21 102 177 
D 26 5 106 16 41 26 5 106 21 28
B 0 7 3 1 19 0 1 2 330 
B 1 7 0 0 3 0 0 0 0 
B 2 7 0 0 0 0 0 0 0 
m 6 2662 199051 92096 696 670 2881 
D 27 5 106 4 0 27 5 106 23 21
B 0 7 8 5 16 0 0 5 559 
B 1 7 6 0 1 0 2 2 1113 
B 2 7 0 0 0 0 0 0 0 
m 6 4145 474082 209014 1330 1155 2967 
D 28 5 106 18 8 28 5 106 19 14
B 0 7 5 4 6 0 0 4 755 
B 1 7 5 0 0 0 1 2 784 
B 2 7 0 0 0 0 0 0 0 
m 6 2770 591914 303287 1576 867 545 
D 29 5 106 17 2 29 5 106 23 1
B 0 7 2 2 48 0 0 2 31 
B 1 7 4 0 0 0 2 1 560 
B 2 7 0 0 0 0 0 0 0 
m 6 4524 343805 161434 1089 2232 1221 
D 30 5 106 16 21 30 5 106 20 26
B 0 7 3 3 20 0 0 3 34 
B 1 7 0 0 3 0 0 0 0 
B 2 7 0 0 0 0 0 0 0 
m 6 1920 177725 75267 518 851 495 
D 1 6 106 20 18 1 6 106 22 13
B 0 7 3 3 18 0 0 3 87 
B 1 7 2 0 1 0 0 1 263 
B 2 7 0 0 0 0 0 0 0 
m 6 2780 349771 141636 1000 823 564 
D 2 6 106 12 11 2 6 106 23 50
B 0 7 11 8 48 0 0 9 350 
B 1 7 7 1 3 0 2 3 974 
B 2 7 0 0 0 0 0 0 0 
m 6 7114 999188 440663 3075 4160 1353 
D 3 6 106 18 7 3 6 106 22 53
B 0 7 4 3 21 0 0 3 489 
B 1 7 6 0 3 0 1 2 950 
B 2 7 0 0 0 0 0 0 0 
m 6 4428 543766 180795 1562 2188 2594 
D 4 6 106 18 15 4 6 106 19 35
B 0 7 4 4 6 0 0 4 33 
B 1 7 1 0 1 0 0 1 6 
B 2 7 0 0 0 0 0 0 0 
m 6 2046 380760 183529 1299 1303 516 
D 5 6 106 15 48 6 6 106 0 1
B 0 7 4 2 21 0 0 2 224 
B 1 7 0 0 5 0 0 0 0 
B 2 7 0 0 0 0 0 0 0 
m 6 2964 283517 139386 787 1079 1813 
D 6 6 106 22 8 6 6 106 22 21
B 0 7 1 0 3 0 0 1 48 
B 1 7 0 0 1 0 0 0 0 
B 2 7 0 0 0 0 0 0 0 
m 6 473 72936 29360 238 117 303 
D 7 6 106 18 16 8 6 106 0 25
B 0 7 2 1 27 0 0 1 61 
B 1 7 0 0 3 0 0 0 0 
B 2 7 0 0 0 0 0 0 0 
m 6 2906 173099 91909 488 972 2678 
D 8 6 106 12 45 8 6 106 21 53
B 0 7 4 3 7 0 0 2 108 
B 1 7 0 0 4 0 0 0 0 
B 2 7 0 0 0 0 0 0 0 
m 6 2275 201875 99644 660 636 1449 
D 9 6 106 17 51 9 6 106 23 40
B 0 7 7 3 7 0 1 4 392 
B 1 7 0 0 4 0 0 0 0 
B 2 7 0 0 0 0 0 0 0 
m 6 2730 245704 120046 786 833 2018 
D 10 6 106 17 46 10 6 106 23 59
B 0 7 4 4 22 0 0 4 275 
B 1 7 6 0 4 0 3 4 1026 
B 2 7 0 0 0 0 0 0 0 
m 6 3675 428067 189130 1318 1361 1769 
D 11 6 106 16 59 11 6 106 21 59
B 0 7 9 3 2 0 1 4 898 
B 1 7 0 0 3 0 0 0 0 
B 2 7 0 0 0 0 0 0 0 
m 6 2181 277347 110051 963 608 765 
D 12 6 106 15 50 12 6 106 23 40
B 0 7 4 1 18 0 0 2 481 
B 1 7 6 0 3 0 3 3 1012 
B 2 7 0 0 0 0 0 0 0 
m 6 3642 466562 205857 1443 1114 1333 
D 13 6 106 18 44 13 6 106 23 34
B 0 7 5 2 7 0 1 3 483 
B 1 7 0 0 4 0 0 0 0 
B 2 7 0 0 0 0 0 0 0 
m 6 1281 175661 63089 460 289 759 
D 14 6 106 16 32 14 6 106 20 3
B 0 7 4 1 12 0 0 2 298 
B 1 7 0 0 4 0 0 0 0 
B 2 7 0 0 0 0 0 0 0 
m 6 2109 239112 123692 687 664 986 
D 15 6 106 14 22 15 6 106 19 37
B 0 7 0 0 8 0 0 0 0 
B 1 7 0 0 3 0 0 0 0 
B 2 7 0 0 0 0 0 0 0 
m 6 665 65336 31816 211 197 147 
D 16 6 106 13 20 16 6 106 23 15
B 0 7 5 4 13 0 0 3 273 
B 1 7 2 0 5 0 0 1 258 
B 2 7 0 0 0 0 0 0 0 
m 6 3111 442681 250716 1286 1806 1176 
D 17 6 106 17 1 18 6 106 0 12
B 0 7 6 4 23 0 1 5 322 
B 1 7 1 0 4 0 1 1 35 
B 2 7 0 0 0 0 0 0 0 
m 6 3676 250961 116154 761 1148 3441 
D 18 6 106 16 33 18 6 106 23 15
B 0 7 1 1 17 0 0 1 6 
B 1 7 0 0 5 0 0 0 0 
B 2 7 0 0 0 0 0 0 0 
m 6 2090 207878 82870 607 854 512 
D 19 6 106 16 53 19 6 106 23 19
B 0 7 2 2 40 0 0 2 30 
B 1 7 0 0 4 0 0 0 0 
B 2 7 0 0 0 0 0 0 0 
m 6 3102 228777 131141 758 741 1716 
D 20 6 106 19 31 20 6 106 23 45
B 0 7 13 7 14 0 1 8 914 
B 1 7 5 0 2 0 3 4 798 
B 2 7 0 0 0 0 0 0 0 
m 6 4288 462081 234385 1518 1278 2466 
D 21 6 106 8 13 21 6 106 17 33
B 0 7 3 2 5 0 0 2 150 
B 1 7 0 0 3 0 0 0 0 
B 2 7 0 0 0 0 0 0 0 
m 6 1157 120649 66414 334 482 606 
D 22 6 106 14 51 22 6 106 20 20
B 0 7 0 0 7 0 0 0 0 
B 1 7 0 0 2 0 0 0 0 
B 2 7 0 0 0 0 0 0 0 
m 6 847 98758 57801 288 358 277 
D 23 6 106 14 5 23 6 106 17 38
B 0 7 7 4 11 0 0 5 417 
B 1 7 0 0 3 0 0 0 0 
B 2 7 0 0 0 0 0 0 0 
m 6 3755 395102 187368 1222 1267 2053 
D 24 6 106 15 55 24 6 106 18 5
B 0 7 1 1 12 0 0 0 0 
B 1 7 0 0 2 0 0 0 0 
B 2 7 0 0 0 0 0 0 0 
m 6 1667 128842 63887 449 913 436 
D 25 6 106 18 4 25 6 106 21 24
B 0 7 3 2 20 0 0 2 166 
B 1 7 0 0 3 0 0 0 0 
B 2 7 0 0 0 0 0 0 0 
m 6 1980 223016 109818 666 774 601 
D 26 6 106 8 13 26 6 106 21 35
B 0 7 5 1 16 0 2 3 524 
B 1 7 0 0 4 0 0 0 0 
B 2 7 0 0 0 0 0 0 0 
m 6 2535 372550 177272 1080 776 747 
D 27 6 106 22 5 27 6 106 23 13
B 0 7 1 1 17 0 0 1 17 
B 1 7 0 0 1 0 0 0 0 
B 2 7 0 0 0 0 0 0 0 
m 6 1803 149654 84191 444 1157 464 
D 28 6 106 8 16 29 6 106 3 10
B 0 7 7 2 16 0 1 4 648 
B 1 7 1 0 3 0 0 1 73 
B 2 7 0 0 0 0 0 0 0 
m 6 3937 537395 282118 1734 2737 1976 
D 29 6 106 18 40 29 6 106 18 51
B 0 7 1 1 2 0 0 1 13 
B 1 7 0 0 1 0 0 0 0 
B 2 7 0 0 0 0 0 0 0 
m 6 558 65940 34217 244 133 217 
D 30 6 106 12 22 30 6 106 23 19
B 0 7 6 3 50 0 0 3 615 
B 1 7 6 0 3 0 2 3 902 
B 2 7 0 0 0 0 0 0 0 
m 6 6317 358060 181403 1109 2251 6537 
D 31 6 106 10 4 31 6 106 16 26
B 0 7 5 3 24 0 0 3 244 
B 1 7 0 0 6 0 0 0 0 
B 2 7 0 0 0 0 0 0 0 
m 6 2690 282665 114840 899 565 1350 
D 1 7 106 10 56 1 7 106 15 48
B 0 7 9 5 29 0 0 5 863 
B 1 7 3 0 2 0 1 1 362 
B 2 7 0 0 0 0 0 0 0 
m 6 4976 330286 169560 1011 1492 5000 
D 11 7 106 12 36 11 7 106 16 36
B 0 7 3 3 43 0 0 3 36 
B 1 7 0 0 3 0 0 0 0 
B 2 7 0 0 0 0 0 0 0 
m 6 3214 14809 4616 65 1457 3418 
D 12 7 106 13 40 12 7 106 23 34
B 0 7 0 0 12 0 0 0 0 
B 1 7 0 0 4 0 0 0 0 
B 2 7 0 0 0 0 0 0 0 
m 6 1119 124610 64315 370 499 331 
D 13 7 106 21 31 13 7 106 22 15
B 0 7 2 1 3 0 0 2 165 
B 1 7 0 0 2 0 0 0 0 
B 2 7 0 0 0 0 0 0 0 
m 6 1389 143846 78705 430 377 923 
D 14 7 106 15 7 14 7 106 21 40
B 0 7 2 1 25 0 0 0 164 
B 1 7 1 0 2 0 0 1 94 
B 2 7 0 0 0 0 0 0 0 
m 6 2191 140342 79531 431 967 989 
D 15 7 106 17 54 15 7 106 18 54
B 0 7 4 4 7 0 0 4 19 
B 1 7 0 0 2 0 0 0 0 
B 2 7 0 0 0 0 0 0 0 
m 6 1689 157033 87074 372 543 1325 
D 16 7 106 15 15 16 7 106 22 34
B 0 7 9 7 34 0 0 8 365 
B 1 7 3 0 2 0 2 1 479 
B 2 7 0 0 0 0 0 0 0 
m 6 5019 465693 220746 1451 1713 4602 
D 17 7 106 12 17 17 7 106 18 40
B 0 7 6 3 31 0 1 3 281 
B 1 7 1 1 3 0 0 1 0 
B 2 7 0 0 0 0 0 0 0 
m 6 3767 274058 123487 923 1054 1991 
D 18 7 106 21 57 18 7 106 22 41
B 0 7 0 0 15 0 0 0 0 
B 1 7 0 0 1 0 0 0 0 
B 2 7 0 0 0 0 0 0 0 
m 6 984 47734 25360 131 365 793 
D 19 7 106 21 46 19 7 106 22 24
B 0 7 0 0 3 0 0 0 0 
B 1 7 0 0 2 0 0 0 0 
B 2 7 0 0 0 0 0 0 0 
m 6 186 3371 1267 8 8 304 
D 20 7 106 14 26 20 7 106 21 52
B 0 7 0 0 3 0 0 0 0 
B 1 7 0 0 2 0 0 0 0 
B 2 7 0 0 0 0 0 0 0 
m 6 220 21570 11535 76 68 134 
D 21 7 106 16 30 21 7 106 21 9
B 0 7 13 5 32 0 2 9 1025 
B 1 7 6 0 3 0 3 4 1095 
B 2 7 0 0 0 0 0 0 0 
m 6 5825 1155493 437223 3269 2939 3085 
D 22 7 106 15 6 22 7 106 21 27
B 0 7 16 5 15 0 3 9 1537 
B 1 7 0 0 4 0 0 0 0 
B 2 7 0 0 0 0 0 0 0 
m 6 5076 730734 218242 1749 1442 2560 
D 23 7 106 11 47 23 7 106 23 55
B 0 7 11 3 22 0 3 6 1640 
B 1 7 6 0 3 0 1 3 837 
B 2 7 0 0 0 0 0 0 0 
m 6 5208 609651 181196 1390 1816 2468 
D 24 7 106 11 3 25 7 106 0 7
B 0 7 14 14 43 0 0 14 460 
B 1 7 9 2 1 0 3 5 1349 
B 2 7 0 0 0 0 0 0 0 
m 6 8858 701816 385783 2436 2712 5018 
D 25 7 106 13 59 25 7 106 23 18
B 0 7 4 2 61 0 0 2 314 
B 1 7 2 2 4 0 0 1 202 
B 2 7 0 0 0 0 0 0 0 
m 6 4376 310488 137016 1081 1422 2567 
D 26 7 106 13 19 26 7 106 22 52
B 0 7 12 9 10 0 1 10 871 
B 1 7 6 0 1 0 2 2 1099 
B 2 7 0 0 0 0 0 0 0 
m 6 5542 495476 221926 1870 1309 3334 
D 30 7 106 11 57 30 7 106 21 59
B 0 7 9 8 65 0 0 9 159 
B 1 7 3 0 6 0 2 2 502 
B 2 7 0 0 0 0 0 0 0 
m 6 6883 D 31 7 106 18 7 31 7 106 23 3
B 0 7 7 6 33 0 1 6 202 
B 1 7 0 0 3 0 0 0 0 
B 2 7 0 0 0 0 0 0 0 
m 6 3924 370699 178388 1273 1421 773 
D 1 8 106 17 6 1 8 106 17 19
B 0 7 1 0 2 0 0 1 66 
B 1 7 0 0 1 0 0 0 0 
B 2 7 0 0 0 0 0 0 0 
m 6 469 39426 17613 135 174 216 
D 2 8 106 15 51 2 8 106 22 11
B 0 7 4 3 12 0 0 3 49 
B 1 7 0 1 3 0 0 0 0 
B 2 7 0 0 0 0 0 0 0 
m 6 2340 169925 76387 567 1045 423 
